0.0011826268969125642, 0.8758758758758759
0.00008895866038721723, 0.8446956571956572
0.0055572998430141185, 0.8095726495726495
0.013056739179188093, 0.7646041646041646
0.025680795395081057, 0.7299122199122199
0.029618001046572473, 0.6968410718410718
0.03618001046572478, 0.6537922537922538
0.04142961800104655, 0.6068006468006468
0.043471132042560645, 0.5709132209132208
0.044929356357927774, 0.5427504427504428
0.04383568812140243, 0.5127772002772002
0.05192883307169022, 0.47789558789558795
0.05892830978545266, 0.44023793023793023
0.06855259026687593, 0.4272025872025873
0.09305075876504448, 0.426076076076076
0.10763300191871622, 0.41320166320166307
0.11492412349555209, 0.3818202818202818
0.11711145996860278, 0.3464156464156465
0.1230485161097406, 0.3204369204369204
0.12148613291470428, 0.2868714868714868
0.11992374971966807, 0.25870870870870877
0.12148613291470428, 0.24181104181104174
0.14242206772819016, 0.3763026763026762
0.1674201988487703, 0.3523700623700623
0.1914809000523286, 0.318252868252868
0.2177289377289377, 0.294917994917995
0.2439769754055468, 0.28767613767613764
0.2702250130821559, 0.3013552013552012
0.2920983778126635, 0.3311272811272812
0.31069073783359497, 0.36069819819819826
0.3205337519623234, 0.38053284053284053
0.3314704343275772, 0.4095807345807345
0.3489691261119832, 0.4385481635481636
0.3708424908424908, 0.46711326711326695
0.39490319204604923, 0.4658258258258259
0.4097770800627944, 0.4315477015477016
0.41896389324960753, 0.39871794871794863
0.42771323914181053, 0.3588877338877339
0.431650444793302, 0.3262993762993762
0.44083725798011514, 0.2840552090552091
0.449149136577708, 0.2413282513282511
0.4550549450549451, 0.21103314853314847
0.4666478283621141, 0.17856548856548837
0.4762721088435374, 0.14283899283899282
0.49552066980638415, 0.11338877338877329
0.5195813710099424, 0.08731808731808721
0.5458294086865516, 0.07524832524832514
0.5720774463631606, 0.06478786478786458
0.5983254840397698, 0.055936705936705966
0.6245735217163788, 0.04708554708554713
0.650821559392988, 0.041050666050665985
0.677069597069597, 0.03541811041811038
0.7033176347462062, 0.029785554785554558
0.7295656724228152, 0.023348348348348313
0.7558137100994244, 0.018520443520443575
0.7820617477760334, 0.023750673750673634
0.8083097854526426, 0.03662508662508657
0.8345578231292516, 0.05633903133903129
0.8608058608058609, 0.053522753522753375
0.8873663751214771, 0.04766029766029756
0.906114973461912, 0.07007557007557019
0.9231449502878075, 0.04567740817740806
0.9364877027734171, 0.024555324555324498
0.9614233385661957, 0.014094864094863935
0.985484039769754, 0.028417648417648378
1.0095447409733125, 0.05995995995995984
1.0357927786499215, 0.07001809501809508
1.0620408163265307, 0.058752983752983656
1.0882888540031397, 0.03662508662508657
1.114536891679749, 0.013290213290213293
1.140784929356358, -0.001998151998152009
1.167032967032967, -0.0015958265958266882
1.1893437990580848, 0.021658581658581477
1.201592883307169, 0.055936705936705966
1.2112171637885925, 0.09166320166320152
1.2195290423861853, 0.12956225456225456
1.230465724751439, 0.1605413105413105
1.241839874411303, 0.19015246015246023
1.2540889586603872, 0.22346500346500342
1.2632757718472005, 0.2556912681912682
1.2724625850340137, 0.28381381381381376
1.2873364730507588, 0.3166435666435665
1.3113971742543171, 0.3355528605528606
1.3328330716902144, 0.3108500808500809
1.3453008895866039, 0.28465869715869707
1.3638932496075353, 0.25508778008778
1.385766614338043, 0.230143605143605
1.4120146520146521, 0.2204877954877953
1.4382626896912611, 0.18870408870408872
1.4601360544217687, 0.16697851697851696
1.4820094191522764, 0.1359994609994608
1.5082574568288853, 0.13036690536690543
1.5345054945054943, 0.1520924770924772
1.547629513343799, 0.17904827904827902
1.5563788592360022, 0.2086191961191961
1.5651282051282054, 0.2426156926156926
1.5738775510204082, 0.28646916146916146
1.5826268969126114, 0.3293168168168168
1.5913762428048142, 0.36190517440517445
1.6001255886970174, 0.39316585816585814
1.6088749345892202, 0.4272830522830522
1.6176242804814234, 0.49044814044814045
1.6154369440083725, 0.46027373527373516
1.6219989534275248, 0.5592457842457843
1.6198116169544743, 0.5242434742434743
1.6268110936682365, 0.6039039039039038
1.646059654631083, 0.6179048279048279
1.6548090005232863, 0.5894201894201894
1.66574568288854, 0.5670911295911296
1.6744950287807432, 0.529071379071379
1.6854317111459969, 0.4912527912527911
1.6985557299843015, 0.459066759066759
1.7182417582417584, 0.4313063063063063
1.7401151229722658, 0.4039481789481789
1.764175824175824, 0.4039481789481789
1.7751125065410782, 0.44055979055979044
1.7879240487403754, 0.4859650859650859
1.8144845630559916, 0.49085046585046577
1.8407326007326008, 0.47797605297605283
1.864793301936159, 0.45182490182490187
1.882291993720565, 0.41802956802956803
1.9063526949241234, 0.38262493262493247
1.9326007326007326, 0.3741760991760992
1.9588487702773418, 0.36411796411796393
1.985096807953951, 0.35043890043890036
2.01134484563056, 0.3299203049203048
2.0375928833071693, 0.33313890813890823
2.0616535845107276, 0.34850773850773864
2.0791522762951336, 0.37035400785400774
2.0896514913657773, 0.4093393393393392
2.099275771847201, 0.4436174636174637
2.1071501831501833, 0.48224070224070226
2.116774463631607, 0.5184499884499885
2.1382103610675043, 0.5403364903364904
2.1644583987441135, 0.5471760221760222
2.1907064364207223, 0.5451643951643952
2.2043772893772897, 0.5037248787248787
2.2140380254665972, 0.4691248941248942
2.227891156462585, 0.43372025872025866
2.2428900351349337, 0.4049252549252549
2.26945054945055, 0.4035458535458536
2.2956985871271587, 0.39710864710864713
2.321946624803768, 0.3950970200970201
2.348194662480377, 0.37659005159005154
2.3744427001569863, 0.3653249403249401
2.400690737833595, 0.36291098791098775
2.4269387755102043, 0.36009471009471006
2.4531868131868135, 0.3677388927388927
2.4794348508634227, 0.3786016786016786
2.505682888540032, 0.4047528297528298
2.5319309262166407, 0.43251328251328247
2.55817896389325, 0.4538365288365287
2.584427001569859, 0.4622853622853622
2.6106750392464684, 0.46832024332024313
2.636923076923077, 0.4880341880341881
2.6631711145996864, 0.5017132517132517
2.6894191522762956, 0.5137830137830137
2.713479853479854, 0.5451643951643952
2.7244165358451076, 0.5773504273504273
2.7462899005756154, 0.6087318087318087
2.772537938252224, 0.6292504042504042
2.7987859759288334, 0.6453434203434204
2.8228466771323917, 0.6521829521829522
