1050.0 1.7367734876427763e-19
1060.5 2.1372852070463456e-19
1071.0 2.639171503308488e-19
1081.5 3.2652273364260746e-19
1092.0 4.044156970820671e-19
1102.5 5.009662799704191e-19
1113.0 6.200539086532004e-19
1123.5 7.660435052805513e-19
1134.0 9.437211099660637e-19
1144.5 1.1581841455828281e-18
1155.0 1.4146880889731567e-18
1165.5 1.7184550358765402e-18
1176.0 2.0744595980637214e-18
1186.5 2.487206155788564e-18
1197.0 2.960513176233302e-18
1207.5 3.4973197424723085e-18
1218.0 4.0995209343349064e-18
1228.5 4.767838375922485e-18
1239.0 5.5017263852802795e-18
1249.5 6.299315685975475e-18
1260.0 7.157395224957043e-18
1270.5 8.071434383074252e-18
1281.0 9.035648082380933e-18
1291.5 1.0043103157099129e-17
1302.0 1.1085869689995193e-17
1312.5 1.2155204902408077e-17
1323.0 1.3241776130435107e-17
1333.5 1.4335891313499124e-17
1344.0 1.542775822593948e-17
1354.5 1.650772291346076e-17
1365.0 1.7566517928339638e-17
1375.5 1.8595475724602777e-17
1386.0 1.9586721366937354e-17
1396.5 2.053333366582538e-17
1407.0 2.14294780051544e-17
1417.5 2.227048690978463e-17
1428.0 2.3052925370603418e-17
1438.5 2.3774604998286984e-17
1449.0 2.443457857954595e-17
1459.5 2.5033089994583565e-17
1470.0 2.5571511069543077e-17
1480.5 2.6052243588926068e-17
1491.0 2.6478597355490892e-17
1501.5 2.6854659540143708e-17
1512.0 2.7185137901807853e-17
1522.5 2.7475204007293227e-17
1533.0 2.7730322297403784e-17
1543.5 2.7956090040554166e-17
1554.0 2.815807728638635e-17
1564.5 2.834168315064986e-17
1575.0 2.851201714135285e-17
1585.5 2.8673795727425934e-17
1596.0 2.88312726586641e-17
1606.5 2.898820085944497e-17
1617.0 2.914781718621607e-17
1627.5 2.931285875875846e-17
1638.0 2.948560106646849e-17
1648.5 2.966790478464682e-17
1659.0 2.9861287632058264e-17
1669.5 3.006698316348088e-17
1680.0 3.028600173975663e-17
1690.5 3.051918496533693e-17
1701.0 3.076725141582062e-17
1711.5 3.103081950172307e-17
1722.0 3.1310428154743403e-17
1732.5 3.16065466265227e-17
1743.0 3.191957339989304e-17
1753.5 3.224983618887754e-17
1764.0 3.2597590849939415e-17
1774.5 3.2963025736985635e-17
1785.0 3.33462562576124e-17
1795.5 3.3747341204368684e-17
1806.0 3.4166278399752686e-17
1816.5 3.46030242937281e-17
1827.0 3.505748307621509e-17
1837.5 3.5529520830852047e-17
1848.0 3.601895900249017e-17
1858.5 3.6525568953438915e-17
1869.0 3.7049061075956924e-17
1879.5 3.758908261475021e-17
1890.0 3.814520242445951e-17
1900.5 3.871690661465651e-17
1911.0 3.930359963859489e-17
1921.5 3.990460755946304e-17
1932.0 4.0519180227885796e-17
1942.5 4.1146508701938964e-17
1953.0 4.178572851340216e-17
1963.5 4.243592402276227e-17
1974.0 4.309610011169001e-17
1984.5 4.3765139721754424e-17
1995.0 4.444171239934676e-17
2005.5 4.512411969305153e-17
2016.0 4.5810089379725136e-17
2026.5 4.649649238925988e-17
2037.0 4.717900529180267e-17
2047.5 4.785173032368845e-17
2058.0 4.8506818679626167e-17
2068.5 4.913415912993933e-17
2079.0 4.9721208175424416e-17
2089.5 5.0253046662398125e-17
2100.0 5.071276737802031e-17
2110.5 5.108225241844187e-17
2121.0 5.13433577497919e-17
2131.5 5.147951149450973e-17
2142.0 5.1477584405403745e-17
2152.5 5.132987901355897e-17
2163.0 5.103598921488703e-17
2173.5 5.0604251575085386e-17
2184.0 5.005253794029812e-17
2194.5 4.940814656202505e-17
2205.0 4.870670681370899e-17
2215.5 4.799009641025002e-17
2226.0 4.7303527910577374e-17
2236.5 4.669211153103501e-17
2247.0 4.6197254646131036e-17
2257.5 4.5853341098270276e-17
2268.0 4.5685058314276714e-17
2278.5 4.5705693410223606e-17
2289.0 4.591654635469429e-17
2299.5 4.6307465634228706e-17
2310.0 4.685834419707003e-17
2320.5 4.75413274400048e-17
2331.0 4.8323376127998764e-17
2341.5 4.916888375137814e-17
2352.0 5.0042069600324003e-17
2362.5 5.090901255156717e-17
2373.0 5.173923193470562e-17
2383.5 5.2506884069451783e-17
2394.0 5.319163108885644e-17
2404.5 5.3779277858589675e-17
2415.0 5.4262234696076376e-17
2425.5 5.4639803711984944e-17
2436.0 5.491826699905076e-17
2446.5 5.511071896443644e-17
2457.0 5.5236585101830785e-17
2467.5 5.532082502578468e-17
2478.0 5.539282847829095e-17
2488.5 5.548506418890836e-17
2499.0 5.563155344598963e-17
2509.5 5.586624894658021e-17
2520.0 5.622135158751577e-17
2530.5 5.672561963526281e-17
2541.0 5.740271600204158e-17
2551.5 5.826963282326296e-17
2562.0 5.933532398638897e-17
2572.5 6.059968388258156e-17
2583.0 6.205305638004356e-17
2593.5 6.367644495294356e-17
2604.0 6.54425361072691e-17
2614.5 6.731753719235805e-17
2625.0 6.926369250424549e-17
2635.5 7.12422054930992e-17
2646.0 7.321621431944923e-17
2656.5 7.515341574387471e-17
2667.0 7.70279965711134e-17
2677.5 7.882166143091835e-17
2688.0 8.052370354686666e-17
2698.5 8.213021430320105e-17
2709.0 8.364272012869357e-17
2719.5 8.506651017525214e-17
2730.0 8.640900101405752e-17
2740.5 8.767833432439486e-17
2751.0 8.888235346780067e-17
2761.5 9.002798290004565e-17
2772.0 9.112099517844054e-17
2782.5 9.217797960056052e-17
2793.0 9.382792389684156e-17
2803.5 1.0174707882775914e-16
2814.0 1.1882202789893495e-16
2824.5 1.3082161981165823e-16
2835.0 1.3946313375082555e-16
2845.5 1.4949463419838022e-16
2856.0 1.6154222913860827e-16
2866.5 1.74705880858936e-16
2877.0 1.8371356350326113e-16
2887.5 1.8709997077542616e-16
2898.0 1.891782220573998e-16
2908.5 1.9418800048245034e-16
2919.0 2.0107105105614896e-16
2929.5 2.0497146851917998e-16
2940.0 2.0884914197575658e-16
2950.5 2.2174115034470209e-16
2961.0 2.4171914156896597e-16
2971.5 2.6120987321215743e-16
2982.0 2.7516071361351275e-16
2992.5 2.857429695950562e-16
3003.0 3.040908938483545e-16
3013.5 3.3321532902008435e-16
3024.0 3.6562255504012753e-16
3034.5 3.9325173237823904e-16
3045.0 4.1615519729053506e-16
3055.5 4.3383246187241884e-16
3066.0 4.441434229028704e-16
3076.5 4.511681199696145e-16
3087.0 4.577794618668763e-16
3097.5 4.583720907607617e-16
3108.0 4.474147927541656e-16
3118.5 4.2764034351202953e-16
3129.0 4.0786200742915424e-16
3139.5 3.955575761498839e-16
3150.0 3.953005220606601e-16
3160.5 4.0896239708369725e-16
3171.0 4.2911888901922014e-16
3181.5 4.467217810266233e-16
3192.0 4.587168328480629e-16
3202.5 4.676420317236475e-16
3213.0 4.756289886173202e-16
3223.5 4.861425008665738e-16
3234.0 5.051203546198428e-16
3244.5 5.288087871613155e-16
3255.0 5.486222572359707e-16
3265.5 5.601184433916657e-16
3276.0 5.645823547743012e-16
3286.5 5.691793768428689e-16
3297.0 5.704958617775014e-16
3307.5 5.642596816678918e-16
3318.0 5.529362585061742e-16
3328.5 5.390219021477242e-16
3339.0 5.197307276583397e-16
3349.5 4.886717998744416e-16
3360.0 4.488915962599044e-16
3370.5 4.173673907757533e-16
3381.0 4.0075187607871104e-16
3391.5 3.9284384273831186e-16
3402.0 3.875703035184483e-16
3412.5 3.829169059278985e-16
3423.0 3.7975392122942946e-16
3433.5 3.7957678145680465e-16
3444.0 3.8287494546792946e-16
3454.5 3.8962650759454835e-16
3465.0 4.0085760467932317e-16
3475.5 4.1778789903869663e-16
3486.0 4.3903908646151717e-16
3496.5 4.604456713013428e-16
3507.0 4.799836329588948e-16
3517.5 4.997041454810811e-16
3528.0 5.189743615154992e-16
3538.5 5.338636834239662e-16
3549.0 5.447438434287771e-16
3559.5 5.560768911485157e-16
3570.0 5.701600801101676e-16
3580.5 5.85816655670549e-16
3591.0 6.009185888562022e-16
3601.5 6.147023495433166e-16
3612.0 6.288957092092827e-16
3622.5 6.461859446186239e-16
3633.0 6.674076813294007e-16
3643.5 6.915855182912333e-16
3654.0 7.18063602845047e-16
3664.5 7.462095993513655e-16
3675.0 7.737859613829617e-16
3685.5 7.984048077873229e-16
3696.0 8.19025847959991e-16
3706.5 8.352638927174573e-16
3717.0 8.465326714711354e-16
3727.5 8.531103491903422e-16
3738.0 8.566126975466302e-16
3748.5 8.576136733558238e-16
3759.0 8.563841796186881e-16
3769.5 8.528959850241953e-16
3780.0 8.469218781454924e-16
3790.5 8.408947055475658e-16
3801.0 8.372439060050613e-16
3811.5 8.322391140591664e-16
3822.0 8.182641904877408e-16
3832.5 7.895519781845493e-16
3843.0 7.448721559617665e-16
3853.5 6.883592553900294e-16
3864.0 6.276387136242274e-16
3874.5 5.693876004538983e-16
3885.0 5.175047219907306e-16
3895.5 4.763963402568159e-16
3906.0 4.500649757752758e-16
3916.5 4.3630753019759214e-16
3927.0 4.2997941596136624e-16
3937.5 4.287847404782473e-16
3948.0 4.3278895945278446e-16
3958.5 4.4199091880901596e-16
3969.0 4.557069265271664e-16
3979.5 4.740990105172665e-16
3990.0 4.998902021236368e-16
4000.5 5.368974333897338e-16
4011.0 5.867981428385009e-16
4021.5 6.490606063018103e-16
4032.0 7.217632328657457e-16
4042.5 8.005561360301974e-16
4053.0 8.784435141775024e-16
4063.5 9.48032911959434e-16
4074.0 1.004285731714425e-15
4084.5 1.0457437113646876e-15
4095.0 1.0733051466213444e-15
4105.5 1.0875833526455196e-15
4116.0 1.0881996836466577e-15
4126.5 1.0759072721774045e-15
4137.0 1.05334713397623e-15
4147.5 1.0228183843341722e-15
4158.0 9.86529227841505e-16
4168.5 9.495325465716998e-16
4179.0 9.194326994620812e-16
4189.5 9.028467334646641e-16
4200.0 9.03112682648801e-16
4210.5 9.193622790533941e-16
4221.0 9.470348322276545e-16
4231.5 9.804736497324056e-16
4242.0 1.0145199358059088e-15
4252.5 1.0448742240025741e-15
4263.0 1.0678616969348806e-15
4273.5 1.0799866802896029e-15
4284.0 1.0790366035853274e-15
4294.5 1.0657390790534328e-15
4305.0 1.0436049037572476e-15
4315.5 1.016981079006977e-15
4326.0 9.89237669923667e-16
4336.5 9.623777277641208e-16
4347.0 9.374829483298028e-16
4357.5 9.148064553191605e-16
4368.0 8.93424204062114e-16
4378.5 8.714127201056773e-16
4389.0 8.46888595030255e-16
4399.5 8.190712270978091e-16
4410.0 7.885649928245151e-16
4420.5 7.568563638241689e-16
4431.0 7.254536956038047e-16
4441.5 6.95056957009262e-16
4452.0 6.652408492736057e-16
4462.5 6.353067862646478e-16
4473.0 6.055438748983246e-16
4483.5 5.777433934924514e-16
4494.0 5.546060866602762e-16
4504.5 5.388486274408204e-16
4515.0 5.3247486187905e-16
4525.5 5.35977232010356e-16
4536.0 5.477892430292532e-16
4546.5 5.64796403202685e-16
4557.0 5.837189157473337e-16
4567.5 6.021597648905738e-16
4578.0 6.186322068308821e-16
4588.5 6.319993896458287e-16
4599.0 6.411481090826912e-16
4609.5 6.453623263322366e-16
4620.0 6.451386097957957e-16
4630.5 6.426584787789033e-16
4641.0 6.414138731791737e-16
4651.5 6.449208922768543e-16
4662.0 6.552091637383966e-16
4672.5 6.720153731568604e-16
4683.0 6.930513798503534e-16
4693.5 7.150475015314874e-16
4704.0 7.348519349736119e-16
4714.5 7.501399248018211e-16
4725.0 7.597080528632103e-16
4735.5 7.634282711635668e-16
4746.0 7.6199421201845e-16
4756.5 7.566414117325321e-16
4767.0 7.488767124490848e-16
4777.5 7.401845824802352e-16
4788.0 7.317454891097611e-16
4798.5 7.241458553513762e-16
4809.0 7.1709507181289215e-16
4819.5 7.093594095161437e-16
4830.0 6.992302589997094e-16
4840.5 6.85339016823022e-16
4851.0 6.673008095403359e-16
4861.5 6.459947490717854e-16
4872.0 6.23351582726417e-16
4882.5 6.016965558170446e-16
4893.0 5.829500180815498e-16
4903.5 5.680353609394686e-16
4914.0 5.566922313863282e-16
4924.5 5.477351321091582e-16
4935.0 5.396338237076874e-16
4945.5 5.31146934172381e-16
4956.0 5.217418574468755e-16
4966.5 5.116757020579402e-16
4977.0 5.017509862993779e-16
4987.5 4.928192440308398e-16
4998.0 4.851816999658613e-16
5008.5 4.782163289360584e-16
5019.0 4.705950834721629e-16
5029.5 4.609558055389785e-16
5040.0 4.486044599831108e-16
5050.5 4.3378168253010033e-16
5061.0 4.174727492010569e-16
5071.5 4.011059923113245e-16
5082.0 3.863566619945234e-16
5092.5 3.7493948649217446e-16
5103.0 3.682179956656166e-16
5113.5 3.667112188473985e-16
5124.0 3.697673970818572e-16
5134.5 3.7560093533091296e-16
5145.0 3.8176543208078297e-16
5155.5 3.8615633182757227e-16
5166.0 3.8810410720080984e-16
5176.5 3.8830588540646777e-16
5187.0 3.87685743777154e-16
5197.5 3.8684923468002377e-16
5208.0 3.8633938351762386e-16
5218.5 3.867717591654573e-16
5229.0 3.8868603367327587e-16
5239.5 3.923918804616554e-16
5250.0 3.979301712396578e-16
5260.5 4.0516152411612463e-16
5271.0 4.1394950771485686e-16
5281.5 4.242468920214939e-16
5292.0 4.3598701281797914e-16
5302.5 4.489068932101526e-16
5313.0 4.624637799831947e-16
5323.5 4.758700380682058e-16
5334.0 4.8819992434369e-16
5344.5 4.985493618312071e-16
5355.0 5.062291603188997e-16
5365.5 5.109369736797985e-16
5376.0 5.128558971539915e-16
5386.5 5.126434818519688e-16
5397.0 5.112555421952873e-16
5407.5 5.095806622369754e-16
5418.0 5.080143634066527e-16
5428.5 5.062127092926899e-16
5439.0 5.031655241407256e-16
5449.5 4.975073510003158e-16
5460.0 4.879974166749242e-16
5470.5 4.740335330376988e-16
5481.0 4.560027945862369e-16
5491.5 4.3529994567039096e-16
5502.0 4.1399645465398157e-16
5512.5 3.9429641064885335e-16
5523.0 3.779807815017298e-16
5533.5 3.6603211046894297e-16
5544.0 3.585634098946752e-16
5554.5 3.550376425063701e-16
5565.0 3.546141401784316e-16
5575.5 3.5642664913894093e-16
5586.0 3.59704834570916e-16
5596.5 3.6374541782575837e-16
5607.0 3.6780341020760917e-16
5617.5 3.710418453439573e-16
5628.0 3.72622700773911e-16
5638.5 3.7188400505829653e-16
5649.0 3.6849867564952974e-16
5659.5 3.62548455965734e-16
5670.0 3.5450143268450345e-16
5680.5 3.451413104839622e-16
5691.0 3.355010744499797e-16
5701.5 3.2678436048564206e-16
5712.0 3.202231882301905e-16
5722.5 3.1687980839388365e-16
5733.0 3.17456595962067e-16
5743.5 3.221665977122896e-16
5754.0 3.3068670503777905e-16
5764.5 3.422053412371833e-16
5775.0 3.5557055341298755e-16
5785.5 3.6949151848944534e-16
5796.0 3.827038918128768e-16
5806.5 3.941047360516156e-16
5817.0 4.029359974989147e-16
5827.5 4.0896389955994936e-16
5838.0 4.1249537200300885e-16
5848.5 4.1417841759312586e-16
5859.0 4.1470499196946255e-16
5869.5 4.14586143920417e-16
5880.0 4.1408413176454997e-16
5890.5 4.1326449830648353e-16
5901.0 4.1208026394456607e-16
5911.5 4.1043063211979545e-16
5922.0 4.081923562294604e-16
5932.5 4.0524191748312287e-16
5943.0 4.014731844423351e-16
5953.5 3.9681333055890477e-16
5964.0 3.9125159897386734e-16
5974.5 3.848837344420147e-16
5985.0 3.7794136871888386e-16
5995.5 3.7077175890637243e-16
6006.0 3.637761097138364e-16
6016.5 3.57353589886435e-16
6027.0 3.51882061314071e-16
6037.5 3.477157382169395e-16
6048.0 3.4515584530857525e-16
6058.5 3.4438080708767364e-16
6069.0 3.453696433242503e-16
6079.5 3.4786604027969837e-16
6090.0 3.514083022442496e-16
6100.5 3.5542235263948e-16
6111.0 3.5935372329080676e-16
6121.5 3.6279058328001814e-16
6132.0 3.6551930879158416e-16
6142.5 3.675103293508614e-16
6153.0 3.6887647221437796e-16
6163.5 3.698390586665785e-16
6174.0 3.706909735890476e-16
6184.5 3.7170317442009575e-16
6195.0 3.7298042077202777e-16
6205.5 3.7436845841629097e-16
6216.0 3.7550836972877065e-16
6226.5 3.7599805722436653e-16
6237.0 3.755124089946368e-16
6247.5 3.7379028813445524e-16
6258.0 3.7054234820268616e-16
6268.5 3.6539935021661307e-16
6279.0 3.5795838012795536e-16
6289.5 3.4789445667837992e-16
6300.0 3.350724767677948e-16
6310.5 3.1961337884698736e-16
6321.0 3.019003161352702e-16
6331.5 2.825349650465684e-16
6342.0 2.622693040575662e-16
6352.5 2.419380893764328e-16
6363.0 2.2239795021706617e-16
6373.5 2.0445800270376771e-16
6384.0 1.888106597510806e-16
6394.5 1.7596805889831032e-16
6405.0 1.6622831103139656e-16
6415.5 1.5968842385618351e-16
6426.0 1.562983039434244e-16
6436.5 1.5594416593579277e-16
6447.0 1.5854107637500676e-16
6457.5 1.6406142453805603e-16
6468.0 1.724274736101564e-16
6478.5 1.8334221234378437e-16
6489.0 1.9623092179748068e-16
6499.5 2.1034150373196145e-16
6510.0 2.249023603791922e-16
6520.5 2.392437466185207e-16
6531.0 2.528559854876922e-16
6541.5 2.6539008877086674e-16
6552.0 2.7661952006675325e-16
6562.5 2.863945652380832e-16
6573.0 2.9461881539201107e-16
6583.5 3.0125738694946567e-16
6594.0 3.0636072173998427e-16
6604.5 3.100732316839168e-16
6615.0 3.1260437068081816e-16
6625.5 3.141671528457101e-16
6636.0 3.1491615903241703e-16
6646.5 3.149196539228296e-16
6657.0 3.1418190542050454e-16
6667.5 3.126908828279156e-16
6678.0 3.1045708170381e-16
6688.5 3.075300619894894e-16
6699.0 3.039978709708311e-16
6709.5 2.999780610833007e-16
6720.0 2.9560182681123334e-16
6730.5 2.909934599582113e-16
6741.0 2.8625457364641692e-16
6751.5 2.814630680032705e-16
6762.0 2.766853568341204e-16
6772.5 2.719903907339281e-16
6783.0 2.6745535125451575e-16
6793.5 2.6316116525082573e-16
6804.0 2.5918131252159493e-16
6814.5 2.5556808577290307e-16
6825.0 2.523397760199933e-16
6835.5 2.494726158305586e-16
6846.0 2.468994510486338e-16
6856.5 2.445148579238609e-16
6867.0 2.421880992472861e-16
6877.5 2.3978919993559073e-16
6888.0 2.3722829448888265e-16
6898.5 2.344917735208201e-16
6909.0 2.3164789082578424e-16
6919.5 2.288063707202174e-16
6930.0 2.2604803118397166e-16
6940.5 2.233707491527776e-16
6951.0 2.2068752254162947e-16
6961.5 2.178753116104884e-16
6972.0 2.1484132211952128e-16
6982.5 2.1156885262980979e-16
6993.0 2.0812182370712382e-16
7003.5 2.046103733932504e-16
7014.0 2.0114041537645584e-16
7024.5 1.9777980061328575e-16
7035.0 1.9456081056814295e-16
7045.5 1.9150485008386572e-16
7056.0 1.8863678623117786e-16
7066.5 1.8597738148988237e-16
7077.0 1.8353132837638996e-16
7087.5 1.8128461466652305e-16
7098.0 1.7920689687249406e-16
7108.5 1.7725328579439308e-16
7119.0 1.7536840756107272e-16
7129.5 1.7349650723856787e-16
7140.0 1.7159440496589337e-16
7150.5 1.696400208746482e-16
7161.0 1.6763281058937875e-16
7171.5 1.6558937756142195e-16
7182.0 1.6354119757950916e-16
7192.5 1.6153518492023774e-16
7203.0 1.5963062207051262e-16
7213.5 1.5788807624330931e-16
7224.0 1.5635162007535697e-16
7234.5 1.5503353467689064e-16
7245.0 1.5391138089170982e-16
7255.5 1.5293924609405183e-16
7266.0 1.520662420665075e-16
7276.5 1.5125090917452513e-16
7287.0 1.5046452616916908e-16
7297.5 1.4968481720687496e-16
7308.0 1.488897459692783e-16
7318.5 1.4805973671506497e-16
7329.0 1.4718741860059224e-16
7339.5 1.4628500741104052e-16
7350.0 1.453803425071106e-16
7360.5 1.4450310323853672e-16
7371.0 1.4367137375788977e-16
7381.5 1.4288800659254705e-16
7392.0 1.4214690473742737e-16
7402.5 1.4144099131163302e-16
7413.0 1.4076354872206572e-16
7423.5 1.4010207810830918e-16
7434.0 1.394304603360962e-16
7444.5 1.3870687648307565e-16
7455.0 1.3788054720692914e-16
7465.5 1.3690557076940298e-16
7476.0 1.3575813618815365e-16
7486.5 1.3445248432504912e-16
7497.0 1.330471573163773e-16
7507.5 1.3163196622448496e-16
7518.0 1.3029501277279432e-16
7528.5 1.2908789286680437e-16
7539.0 1.2801206543273099e-16
7549.5 1.2703137305294132e-16
7560.0 1.2609588561082453e-16
7570.5 1.251617482198329e-16
7581.0 1.2420151346959217e-16
7591.5 1.2320533905190004e-16
7602.0 1.2217467300546333e-16
7612.5 1.2111215010747766e-16
7623.0 1.2001341535431372e-16
7633.5 1.1886532752252e-16
7644.0 1.1765079322285107e-16
7654.5 1.1635608330636538e-16
7665.0 1.149763092814889e-16
7675.5 1.135168278026858e-16
7686.0 1.1199113938120717e-16
7696.5 1.1041613054362586e-16
7707.0 1.0880544878256544e-16
7717.5 1.0716295154249064e-16
7728.0 1.0547979163352836e-16
7738.5 1.0373865791625185e-16
7749.0 1.0192593991556842e-16
7759.5 1.0004820497695114e-16
7770.0 9.81462790819236e-17
7780.5 9.629812877171158e-17
7791.0 9.460491424811998e-17
7801.5 9.315822776998002e-17
7812.0 9.200241307299682e-17
7822.5 9.112158854768503e-17
7833.0 9.046608973265526e-17
7843.5 8.999581139948454e-17
7854.0 8.970124984150277e-17
7864.5 8.958952440089301e-17
7875.0 8.965797634793948e-17
7885.5 8.988219153229599e-17
7896.0 9.022381325949682e-17
7906.5 9.064575976238873e-17
7917.0 9.11214938263561e-17
7927.5 9.163403202599532e-17
7938.0 9.216933818460892e-17
7948.5 9.271178328292196e-17
7959.0 9.324578076294493e-17
7969.5 9.376132173758663e-17
7980.0 9.425777908632438e-17
7990.5 9.47428589880804e-17
8001.0 9.522848435404101e-17
8011.5 9.572717364213885e-17
8022.0 9.62499765853325e-17
8032.5 9.680512958423605e-17
8043.0 9.739770295182502e-17
8053.5 9.803117198099563e-17
8064.0 9.870935927618352e-17
8074.5 9.943527523364757e-17
8085.0 1.0020583433331635e-16
8095.5 1.0100588116255959e-16
8106.0 1.0180679028252146e-16
8116.5 1.0257345056519102e-16
8127.0 1.0327221743002954e-16
8137.5 1.0387873443048888e-16
8148.0 1.0438165024960897e-16
8158.5 1.0477935135854523e-16
8169.0 1.0507211865503175e-16
8179.5 1.0525464338964425e-16
8190.0 1.0531312999963585e-16
8200.5 1.0522791890987263e-16
8211.0 1.0497948663908407e-16
8221.5 1.0455460704124777e-16
8232.0 1.0395073897174602e-16
8242.5 1.0317830395426391e-16
8253.0 1.0226135685134826e-16
8263.5 1.0123656897106026e-16
8274.0 1.0014934558123972e-16
8284.5 9.904557100012578e-17
8295.0 9.795965520014495e-17
8305.5 9.690455540584558e-17
8316.0 9.587266995839262e-17
8326.5 9.485174932132747e-17
8337.0 9.384809736240373e-17
8347.5 9.289990637470003e-17
8358.0 9.206603205476563e-17
8368.5 9.139117524860328e-17
8379.0 9.086941968378248e-17
8389.5 9.04359585512945e-17
8400.0 8.999691430415369e-17
8410.5 8.947430624737247e-17
8421.0 8.883320398559048e-17
8431.5 8.807971323389614e-17
8442.0 8.724701149868894e-17
8452.5 8.637623614425191e-17
8463.0 8.549540182018197e-17
8473.5 8.460294616892704e-17
8484.0 8.366678043499496e-17
8494.5 8.264199146595603e-17
8505.0 8.149520469149657e-17
8515.5 8.02191396342991e-17
8526.0 7.883159301669512e-17
8536.5 7.73656715762751e-17
8547.0 7.586065635702509e-17
8557.5 7.435711530650363e-17
8568.0 7.289461581018538e-17
8578.5 7.150965279848451e-17
8589.0 7.023335583734381e-17
8599.5 6.909017936089307e-17
8610.0 6.809895984858027e-17
8620.5 6.727684948219971e-17
8631.0 6.664526508084972e-17
8641.5 6.623523169038598e-17
8652.0 6.608772771745908e-17
8662.5 6.624456881816734e-17
8673.0 6.673025842043148e-17
8683.5 6.753425306046478e-17
8694.0 6.860812292040674e-17
8704.5 6.988372090346494e-17
8715.0 7.130144551871867e-17
8725.5 7.28290098580107e-17
8736.0 7.446040183883056e-17
8746.5 7.620124812586755e-17
8757.0 7.805412034876474e-17
8767.5 8.001206356672598e-17
8778.0 8.205985486456486e-17
8788.5 8.417834964632665e-17
8799.0 8.634964666959278e-17
8809.5 8.855726442312789e-17
8820.0 9.078263752645996e-17
8830.5 9.300311125070895e-17
8841.0 9.519136012560241e-17
8851.5 9.731651915166805e-17
8862.0 9.93464113845902e-17
8872.5 1.0124991379093156e-16
8883.0 1.0299901280984619e-16
8893.5 1.0457047885197502e-16
8904.0 1.0594732631441254e-16
8914.5 1.0712006673300129e-16
8925.0 1.0808761788933934e-16
8935.5 1.0885738764460026e-16
8946.0 1.0944431148373103e-16
8956.5 1.0986845617470485e-16
8967.0 1.1015168383574119e-16
8977.5 1.1031413635862591e-16
8988.0 1.1037148086891572e-16
8998.5 1.1033403872521218e-16
9009.0 1.1020785249505104e-16
9019.5 1.099970594318803e-16
9030.0 1.0970663512734635e-16
9040.5 1.0934413551274635e-16
9051.0 1.0891999082177253e-16
9061.5 1.0844627965699099e-16
9072.0 1.0793471915566653e-16
9082.5 1.0739467584185509e-16
9093.0 1.0683180033276574e-16
9103.5 1.0624752542459256e-16
9114.0 1.0563908677878177e-16
9124.5 1.0499961546585901e-16
9135.0 1.0431616297128316e-16
9145.5 1.0357226847008617e-16
9156.0 1.0275123270085114e-16
9166.5 1.0183836732508713e-16
9177.0 1.0082351320807773e-16
9187.5 9.970303174429059e-17
9198.0 9.848092627081199e-17
9208.5 9.716865915719442e-17
9219.0 9.578397813197858e-17
9229.5 9.43490817374142e-17
9240.0 9.288862582654905e-17
9250.5 9.142788575169709e-17
9261.0 8.999131703573904e-17
9271.5 8.860157658505677e-17
9282.0 8.727899682284489e-17
9292.5 8.604139624645295e-17
9303.0 8.490400756982566e-17
9313.5 8.387929590210116e-17
9324.0 8.297648296346467e-17
9334.5 8.220065104315163e-17
9345.0 8.155149637965894e-17
9355.5 8.102206076593774e-17
9366.0 8.059801950630011e-17
9376.5 8.025791223161142e-17
9387.0 7.997400301250706e-17
9397.5 7.971307405880403e-17
9408.0 7.943744696785186e-17
9418.5 7.910840902363811e-17
9429.0 7.869457153750411e-17
9439.5 7.818393756320181e-17
9450.0 7.759279154805242e-17
9460.5 7.69628936218579e-17
9471.0 7.634529640341454e-17
9481.5 7.577963804700601e-17
9492.0 7.528182846964133e-17
9502.5 7.484695740472838e-17
9513.0 7.446266317446514e-17
9523.5 7.411933864084524e-17
9534.0 7.381444701425456e-17
9544.5 7.355021696780046e-17
9555.0 7.332867140066874e-17
9565.5 7.314821202652748e-17
9576.0 7.30034832796634e-17
9586.5 7.288770550817647e-17
9597.0 7.279545020004273e-17
9607.5 7.272404773803732e-17
9618.0 7.267286011412855e-17
9628.5 7.26409314050198e-17
9639.0 7.262426371737929e-17
9649.5 7.26139793763085e-17
9660.0 7.259596925879923e-17
9670.5 7.255174310819202e-17
9681.0 7.245962716017443e-17
9691.5 7.229545985461062e-17
9702.0 7.203277910069767e-17
9712.5 7.164405909799607e-17
9723.0 7.110566306430745e-17
9733.5 7.040794793284541e-17
9744.0 6.956737343982722e-17
9754.5 6.863260130705654e-17
9765.0 6.76768228142796e-17
9775.5 6.677655210901173e-17
9786.0 6.598723927496399e-17
9796.5 6.532913943401656e-17
9807.0 6.478964267316059e-17
9817.5 6.433744631505905e-17
9828.0 6.393844741504125e-17
9838.5 6.356585072452654e-17
9849.0 6.320298311211981e-17
9859.5 6.284153305339446e-17
9870.0 6.24784825308353e-17
9880.5 6.211361161675909e-17
9891.0 6.174730572898699e-17
9901.5 6.137980221521679e-17
9912.0 6.101177174600747e-17
9922.5 6.064424427971732e-17
9933.0 6.027854918120424e-17
9943.5 5.991625316302389e-17
9954.0 5.955910367038253e-17
9964.5 5.920894940232088e-17
9975.0 5.886768478541766e-17
9985.5 5.853717158372448e-17
9996.0 5.821918554997119e-17
10006.5 5.79153565442661e-17
10017.0 5.762713042781413e-17
10027.5 5.735573531163879e-17
10038.0 5.710215869281303e-17
10048.5 5.686713983320295e-17
10059.0 5.665117084821867e-17
10069.5 5.645450977182521e-17
10080.0 5.627719362155341e-17
10090.5 5.611907214977811e-17
10101.0 5.597983615124157e-17
10111.5 5.58590555693354e-17
10122.0 5.575622086863499e-17
10132.5 5.56707789636794e-17
10143.0 5.5479785924509574e-17
10153.5 5.5242415362939626e-17
10164.0 5.5007146090620855e-17
10174.5 5.4773337922019726e-17
10185.0 5.4540439949177164e-17
10195.5 5.430799925171566e-17
10206.0 5.4075676139352155e-17
10216.5 5.3843238708143385e-17
10227.0 5.361056066298409e-17
10237.5 5.337760716384523e-17
10248.0 5.314442284951403e-17
10258.5 5.291111550633028e-17
10269.0 5.2677836470670146e-17
10279.5 5.2444767563935105e-17
10290.0 5.221209714003217e-17
10300.5 5.1980012464117374e-17
10311.0 5.174868229258137e-17
10321.5 5.151824925179301e-17
10332.0 5.1288815684337613e-17
10342.5 5.106044038276414e-17
10353.0 5.083313423458166e-17
10363.5 5.0606850423501214e-17
10374.0 5.038148551818655e-17
10384.5 5.015687838350339e-17
10395.0 4.99328014705121e-17
10405.5 4.970897061522588e-17
10416.0 4.9485039594856185e-17
10426.5 4.926060121656367e-17
10437.0 4.9035197116216334e-17
10447.5 4.8808319935891356e-17
10458.0 4.8579419856380555e-17
10468.5 4.8347917662201183e-17
10479.0 4.811321236285243e-17
10489.5 4.7874701879082497e-17
10500.0 4.763179393039779e-17
10510.5 4.7383922366326517e-17
10521.0 4.713057220768949e-17
10531.5 4.687129271161108e-17
10542.0 4.66057180577864e-17
10552.5 4.6333583679744973e-17
10563.0 4.605473715235978e-17
10573.5 4.5769151256858123e-17
10584.0 4.547692506957258e-17
10594.5 4.5178286139442785e-17
10605.0 4.487358395550999e-17
10615.5 4.4563273615653474e-17
10626.0 4.424790493908143e-17
10636.5 4.392809633630925e-17
10647.0 4.360451521164313e-17
10657.5 4.327784638940376e-17
10668.0 4.2948774693911904e-17
10678.5 4.261795664196466e-17
10689.0 4.228600302282107e-17
10699.5 4.1953468010692946e-17
10710.0 4.1620838277235883e-17
10720.5 4.128853299154921e-17
10731.0 4.095691035268144e-17
10741.5 4.0626280654641175e-17
10752.0 4.029692044015887e-17
10762.5 3.9969095364455916e-17
10773.0 3.9643083059013685e-17
10783.5 3.9319198172844414e-17
10794.0 3.8997814147509313e-17
10804.5 3.867938281463491e-17
10815.0 3.836445290467853e-17
10825.5 3.8053678756935487e-17
10836.0 3.774782902954635e-17
10846.5 3.7447789965749706e-17
10857.0 3.715456430513123e-17
10867.5 3.686925821861277e-17
10878.0 3.659304755717425e-17
10888.5 3.632716805309551e-17
10899.0 3.607288156867816e-17
10909.5 3.583145432122746e-17
10920.0 3.560412313177414e-17
10930.5 3.539206820630173e-17
10941.0 3.5196381561970343e-17
10951.5 3.501803327583839e-17
10962.0 3.485784970984458e-17
10972.5 3.4716485203284184e-17
10983.0 3.45943970315383e-17
10993.5 3.449183234106292e-17
11004.0 3.4408817261879795e-17
11014.5 3.4345144931316524e-17
11025.0 3.4300388559017454e-17
11035.5 3.4273895983189056e-17
11046.0 3.4264814711870906e-17
11056.5 3.4272111520451916e-17
11067.0 3.4294600759194e-17
11077.5 3.4330971572004725e-17
11088.0 3.4379830357722675e-17
11098.5 3.4439729077641086e-17
11109.0 3.450920336178958e-17
11119.5 3.458680190520868e-17
11130.0 3.46711202192279e-17
11140.5 3.4760819140231214e-17
11151.0 3.485464769342607e-17
11161.5 3.49514507140998e-17
11172.0 3.5050189533886787e-17
11182.5 3.5149935448263074e-17
11193.0 3.524988387030812e-17
11203.5 3.534935324195393e-17
11214.0 3.544778830023776e-17
11224.5 3.554476334355485e-17
11235.0 3.563999420791837e-17
11245.5 3.573333608945766e-17
11256.0 3.582479660942905e-17
11266.5 3.591453690296684e-17
11277.0 3.600287488533598e-17
11287.5 3.6090277630675706e-17
11298.0 3.617734939573959e-17
11308.5 3.626481093362831e-17
11319.0 3.635345921000604e-17
11329.5 3.644412603056598e-17
11340.0 3.653762360348501e-17
11350.5 3.6634680303120147e-17
11361.0 3.6735873167452294e-17
11371.5 3.684157346054084e-17
11382.0 3.695187808121653e-17
11392.5 3.7066571456799725e-17
11403.0 3.718509832432768e-17
11413.5 3.730655610929821e-17
11424.0 3.7429709079431465e-17
11434.5 3.7553036249709893e-17
11445.0 3.7674780376169043e-17
11455.5 3.779303614472107e-17
11466.0 3.7905840537480023e-17
11476.5 3.801125884408356e-17
11487.0 3.810749027053095e-17
11497.5 3.8192941974244715e-17
11508.0 3.826630527663423e-17
11518.5 3.832659921313201e-17
11529.0 3.8373202106969934e-17
11539.5 3.8405851569179365e-17
11550.0 3.8424629256078315e-17
11560.5 3.8429919496737094e-17
11571.0 3.842236247668923e-17
11581.5 3.8402788912877013e-17
11592.0 3.8372157994849803e-17
11602.5 3.8331490970958705e-17
11613.0 3.8281812355807526e-17
11623.5 3.822409984771106e-17
11634.0 3.8159244044911515e-17
11644.5 3.808802340430763e-17
11655.0 3.801109008769292e-17
11665.5 3.792896125174837e-17
11676.0 3.7842032113053353e-17
11686.5 3.775058465809284e-17
11697.0 3.7654810507026544e-17
11707.5 3.755483159995611e-17
11718.0 3.74507230606941e-17
11728.5 3.7342542593038623e-17
11739.0 3.723034572328597e-17
11749.5 3.711421084150145e-17
11760.0 3.6994250089028534e-17
11770.5 3.687062242349966e-17
11781.0 3.6743544506345436e-17
11791.5 3.661329179154539e-17
11802.0 3.648019961437898e-17
11812.5 3.634466645767833e-17
11823.0 3.6207138709315415e-17
11833.5 3.6068115017205815e-17
11844.0 3.592812886929412e-17
11854.5 3.578774097229761e-17
11865.0 3.564753163044992e-17
11875.5 3.5508082236735536e-17
11886.0 3.536996765163357e-17
11896.5 3.523373878310312e-17
11907.0 3.5099914965326984e-17
11917.5 3.496897089370078e-17
11928.0 3.484132029356928e-17
11938.5 3.471731374272468e-17
11949.0 3.4597223428893766e-17
11959.5 3.448123988348537e-17
11970.0 3.436946544908476e-17
11980.5 3.4261911013201024e-17
11991.0 3.415849383076518e-17
12001.5 3.405904079038297e-17
12012.0 3.396329385808937e-17
12022.5 3.387091225485036e-17
12033.0 3.378148116657025e-17
12043.5 3.369452480910254e-17
12054.0 3.360951731575897e-17
12064.5 3.3525896891071363e-17
12075.0 3.344307996455337e-17
12085.5 3.3360474255711396e-17
12096.0 3.327750272656456e-17
12106.5 3.3193609025399206e-17
12117.0 3.3108278173036155e-17
12127.5 3.3021047450339796e-17
12138.0 3.293152055197984e-17
12148.5 3.2839373030185923e-17
12159.0 3.2744359916003854e-17
12169.5 3.26463222518012e-17
12180.0 3.2545183825014433e-17
12190.5 3.2440954434401717e-17
12201.0 3.233372118003563e-17
12211.5 3.2223640842046845e-17
12222.0 3.211093443686955e-17
12232.5 3.199587524098149e-17
12243.0 3.187877354839125e-17
12253.5 3.175997013813283e-17
12264.0 3.1639817765500207e-17
12274.5 3.1518675718292814e-17
12285.0 3.139689130805009e-17
12295.5 3.1274796603798767e-17
12306.0 3.115269863329473e-17
12316.5 3.1030872850517536e-17
12327.0 3.090955878066677e-17
12337.5 3.0788957842660334e-17
12348.0 3.0669236615387025e-17
12358.5 3.055052357145391e-17
12369.0 3.043291234343903e-17
12379.5 3.0316471522649544e-17
12390.0 3.020124030411812e-17
12400.5 3.008724155161381e-17
12411.0 2.997448506389478e-17
12421.5 2.986296975221012e-17
12432.0 2.9752693439058005e-17
12442.5 2.964365394693665e-17
12453.0 2.9535858897102376e-17
12463.5 2.9429322443316994e-17
12474.0 2.9324071804353193e-17
12484.5 2.9220153796499973e-17
12495.0 2.911762830105725e-17
12505.5 2.901657588559215e-17
12516.0 2.891709889268999e-17
12526.5 2.8819317084950565e-17
12537.0 2.8723369822490006e-17
12547.5 2.862941932919352e-17
12558.0 2.853764198270808e-17
12568.5 2.8448232669446123e-17
12579.0 2.8361399340830947e-17
12589.5 2.827736301329673e-17
12600.0 2.8196351235783104e-17
12610.5 2.811859373473153e-17
12621.0 2.8044325680338007e-17
12631.5 2.7973771355289426e-17
12642.0 2.7907146332265444e-17
12652.5 2.784465420768574e-17
12663.0 2.77864713591973e-17
12673.5 2.7732755655681688e-17
12684.0 2.7683629037240536e-17
12694.5 2.7639185136451868e-17
12705.0 2.759947730211014e-17
12715.5 2.7564520776728062e-17
12726.0 2.7534294874038392e-17
12736.5 2.75087364464885e-17
12747.0 2.7487750772749453e-17
12757.5 2.7471205025210547e-17
12768.0 2.7458942423741146e-17
12778.5 2.745077679193607e-17
12789.0 2.7446507799628374e-17
12799.5 2.7445917696636596e-17
12810.0 2.7448782200273817e-17
12820.5 2.7454877027853126e-17
12831.0 2.746397571918579e-17
12841.5 2.747585834658854e-17
12852.0 2.7490313692385343e-17
12862.5 2.7507138160156517e-17
12873.0 2.7526135774738757e-17
12883.5 2.7547119270975994e-17
12894.0 2.7569903561213967e-17
12904.5 2.7594309001552985e-17
12915.0 2.7620149415587874e-17
12925.5 2.764723536066076e-17
12936.0 2.7675364329102896e-17
12946.5 2.770431857073279e-17
12957.0 2.7733861826603557e-17
12967.5 2.776373606275016e-17
12978.0 2.7793663647691203e-17
12988.5 2.782333646491995e-17
12999.0 2.785242462291146e-17
13009.5 2.7880572100119004e-17
13020.0 2.7907404366230485e-17
13030.5 2.79325218496629e-17
13041.0 2.7955508647569644e-17
13051.5 2.797593688084413e-17
13062.0 2.7993371049123427e-17
13072.5 2.800738000704821e-17
13083.0 2.801753152050828e-17
13093.5 2.802340750915522e-17
13104.0 2.802460404640239e-17
13114.5 2.802074115818313e-17
13125.0 2.801146282295075e-17
13135.5 2.799644677043667e-17
13146.0 2.797540230414863e-17
13156.5 2.7948083366381555e-17
13167.0 2.791428527196489e-17
13177.5 2.787384688576434e-17
13188.0 2.7826658243938264e-17
13198.5 2.777265946518674e-17
13209.0 2.77118374844989e-17
13219.5 2.7644230408156497e-17
13230.0 2.7569925336232108e-17
13240.5 2.748905509633645e-17
13251.0 2.7401796066116494e-17
13261.5 2.7308363818251903e-17
13272.0 2.720901203170408e-17
13282.5 2.7104022692958042e-17
13293.0 2.6993703918520553e-17
13303.5 2.6878387777418347e-17
13314.0 2.6758419403689075e-17
13324.5 2.6634155907630326e-17
13335.0 2.650596202079607e-17
13345.5 2.6374206829743886e-17
13356.0 2.6239258332280472e-17
13366.5 2.6101483437461598e-17
13377.0 2.5961246876841212e-17
13387.5 2.5818906849467835e-17
13398.0 2.5674820465639082e-17
13408.5 2.5529340480648932e-17
13419.0 2.538281202853501e-17
13429.5 2.5235582420836762e-17
13440.0 2.5087990259086366e-17
13450.5 2.49403730560651e-17
13461.0 2.4793067235803334e-17
13471.5 2.4646396157320546e-17
13482.0 2.450068209088532e-17
13492.5 2.4356234241755332e-17
13503.0 2.4213348750177377e-17
13513.5 2.4072302158881926e-17
13524.0 2.3933350324332213e-17
13534.5 2.3796721884218765e-17
13545.0 2.3662614991206724e-17
13555.5 2.3531192957932195e-17
13566.0 2.3402579901998608e-17
13576.5 2.3276859657225837e-17
13587.0 2.315407577365017e-17
13597.5 2.3034228251271604e-17
13608.0 2.2917276806306576e-17
13618.5 2.2803144137440664e-17
13629.0 2.2691719192081306e-17
13639.5 2.2582863698863288e-17
13650.0 2.2476417611403216e-17
13660.5 2.2372207818306833e-17
13671.0 2.2270055764425327e-17
13681.5 2.216977962835717e-17
13692.0 2.2071213919964455e-17
13702.5 2.1974205125369236e-17
13713.0 2.1878623683213543e-17
13723.5 2.1784368339663e-17
13734.0 2.1691363970905002e-17
13744.5 2.159957247065777e-17
13755.0 2.1508985128914063e-17
13765.5 2.141962154319022e-17
13776.0 2.1331527441024326e-17
13786.5 2.1244773591225375e-17
13797.0 2.1159439472609606e-17
13807.5 2.1075617629004136e-17
13818.0 2.099339951548518e-17
13828.5 2.0912871143374427e-17
13839.0 2.0834103281480842e-17
13849.5 2.0757151456100702e-17
13860.0 2.0682042886006706e-17
13870.5 2.0608778659949742e-17
13881.0 2.053733047040623e-17
13891.5 2.0467638436076266e-17
13902.0 2.0399612190634534e-17
13912.5 2.0333130882730323e-17
13923.0 2.0268050797243863e-17
13933.5 2.020420426653542e-17
13944.0 2.0141409469203475e-17
13954.5 2.007947151883561e-17
13965.0 2.0018186819012147e-17
13975.5 1.9957353950815243e-17
13986.0 1.989677367282883e-17
13996.5 1.9836253276142322e-17
14007.0 1.977561311685601e-17
14017.5 1.971468770483197e-17
14028.0 1.965332570369409e-17
14038.5 1.959139537458258e-17
14049.0 1.952878457615397e-17
14059.5 1.9465396409577522e-17
14070.0 1.9401154662289713e-17
14080.5 1.9336000541741555e-17
14091.0 1.9269889409145846e-17
14101.5 1.9202795134480796e-17
14112.0 1.9134700297731902e-17
14122.5 1.9065603810148253e-17
14133.0 1.8995512204235294e-17
14143.5 1.8924442900007535e-17
14154.0 1.885242093873585e-17
14164.5 1.8779476805445652e-17
14175.0 1.8705649695169593e-17
14185.5 1.8630978802940344e-17
14196.0 1.8555513122548735e-17
14206.5 1.847929947028378e-17
14217.0 1.8402390106189027e-17
14227.5 1.8324837290308044e-17
14238.0 1.8246695460186186e-17
14248.5 1.816802231962154e-17
14259.0 1.8088871217408574e-17
14269.5 1.8009300946096274e-17
14280.0 1.7929364854479112e-17
14290.5 1.784912173510608e-17
14301.0 1.776862602552255e-17
14311.5 1.7687933252024777e-17
14322.0 1.760709894090906e-17
14332.5 1.752617644096984e-17
14343.0 1.7445220189752497e-17
14353.5 1.7364283536051486e-17
14364.0 1.7283419828661264e-17
14374.5 1.7202680238874486e-17
14385.0 1.7122117026734692e-17
14395.5 1.7041778097281812e-17
14406.0 1.6961713533057586e-17
14416.5 1.688197015035102e-17
14427.0 1.680259149919842e-17
14437.5 1.672362112963607e-17
14448.0 1.664509605919482e-17
14458.5 1.6567052216654624e-17
14469.0 1.6489521175791785e-17
14479.5 1.6412527977877175e-17
14490.0 1.633609766418166e-17
14500.5 1.6260244388467036e-17
14511.0 1.618498121574419e-17
14521.5 1.6110313589767664e-17
14532.0 1.6036242599288356e-17
14542.5 1.5962762800551743e-17
14553.0 1.5889864394799648e-17
14563.5 1.5817531050768468e-17
14574.0 1.5745744259692774e-17
14584.5 1.5674477891550785e-17
14595.0 1.5603704727569825e-17
14605.5 1.553338992772086e-17
14616.0 1.5463498651974845e-17
14626.5 1.5393992794050033e-17
14637.0 1.5324828803910127e-17
14647.5 1.5255967486522465e-17
14658.0 1.5187363114348936e-17
14668.5 1.5118972137353246e-17
14679.0 1.5050753183000914e-17
14689.5 1.498266596750837e-17
14700.0 1.4914672384593857e-17
14710.5 1.4846738682979252e-17
14721.0 1.4778837643891865e-17
14731.5 1.4710949669815367e-17
14742.0 1.4643058429486144e-17
14752.5 1.457516174540239e-17
14763.0 1.450726397256772e-17
14773.5 1.4439380353494853e-17
14784.0 1.4371538106956462e-17
14794.5 1.4303773161732493e-17
14805.0 1.4236134511613774e-17
14815.5 1.41686798603984e-17
14826.0 1.4101475621891712e-17
14836.5 1.4034596919906318e-17
14847.0 1.396812432200937e-17
14857.5 1.3902144928273445e-17
14868.0 1.3836744750020223e-17
14878.5 1.3772013064824115e-17
14889.0 1.370803479525589e-17
14899.5 1.3644891597633591e-17
14910.0 1.3582659684520744e-17
14920.5 1.3521403292220872e-17
14931.0 1.346118121328298e-17
14941.5 1.3402038086494263e-17
14952.0 1.3344007663132854e-17
14962.5 1.3287112806967803e-17
14973.0 1.3231360050504553e-17
14983.5 1.3176748304992204e-17
14994.0 1.312326450541986e-17
15004.5 1.3070885788018468e-17
15015.0 1.3019582756513534e-17
15025.5 1.2969320570876021e-17
15036.0 1.2920058947322353e-17
15046.5 1.2871757602068963e-17
15057.0 1.2824377340083187e-17
15067.5 1.277787896633236e-17
15078.0 1.273222981828926e-17
15088.5 1.268740049967939e-17
15099.0 1.264337032423551e-17
15109.5 1.260012296069401e-17
15120.0 1.2557650787798538e-17
15130.5 1.2515949450545463e-17
15141.0 1.2475025481440238e-17
15151.5 1.2434885412988296e-17
15162.0 1.239554231020053e-17
15172.5 1.2357010326838736e-17
15183.0 1.2319304705415612e-17
15193.5 1.2282437422191146e-17
15204.0 1.2246421542176223e-17
15214.5 1.221126250912538e-17
15225.0 1.2176962500540425e-17
15235.5 1.2143517161417741e-17
15246.0 1.211091342674643e-17
15256.5 1.207913278776107e-17
15267.0 1.2048144759436258e-17
15277.5 1.2017915590493868e-17
15288.0 1.198839846464488e-17
15298.5 1.1959543299347551e-17
15309.0 1.1931291302052895e-17
15319.5 1.1903577147706466e-17
15330.0 1.1876333333752007e-17
15340.5 1.1849488002629638e-17
15351.0 1.1822969296779471e-17
15361.5 1.1796705358641623e-17
15372.0 1.1770627596908928e-17
15382.5 1.1744673952779676e-17
15393.0 1.1718786722455765e-17
15403.5 1.1692922355900913e-17
15414.0 1.1667046013086081e-17
15424.5 1.1641137007744026e-17
15435.0 1.1615187718618399e-17
15445.5 1.158920794446737e-17
15456.0 1.1563221637810895e-17
15466.5 1.1537266904930732e-17
15477.0 1.1511394917119526e-17
15487.5 1.1485673176933534e-17
15498.0 1.1460175719434456e-17
15508.5 1.1434984200940343e-17
15519.0 1.1410186810274687e-17
15529.5 1.1385870647510075e-17
15540.0 1.1362126078971822e-17
15550.5 1.1339036938479789e-17
15561.0 1.1316681616099302e-17
15571.5 1.129513196939025e-17
15582.0 1.1274447879652541e-17
15592.5 1.1254680518178811e-17
15603.0 1.123586799125082e-17
15613.5 1.1218039695143069e-17
15624.0 1.1201210872368261e-17
15634.5 1.1185389144182745e-17
15645.0 1.1170572333084707e-17
15655.5 1.1156746285312352e-17
15666.0 1.1143893580851159e-17
15676.5 1.1131987000928451e-17
15687.0 1.1120997149269724e-17
15697.5 1.1110888097095041e-17
15708.0 1.1101620649371736e-17
15718.5 1.1093152344814415e-17
15729.0 1.1085438544635884e-17
15739.5 1.10784280775435e-17
15750.0 1.1072071949746429e-17
15760.5 1.106631354619749e-17
15771.0 1.1061094074347685e-17
15781.5 1.1056351475395296e-17
15792.0 1.1052014980531347e-17
15802.5 1.1048012732195948e-17
15813.0 1.1044264162821966e-17
15823.5 1.1040682172336807e-17
15834.0 1.1037174216913349e-17
15844.5 1.1033640131468112e-17
15855.0 1.1029974307163084e-17
15865.5 1.1026062425152998e-17
15876.0 1.1021785811588953e-17
15886.5 1.101702034886751e-17
15897.0 1.1011637564381606e-17
15907.5 1.1005507896773258e-17
15918.0 1.0998497429680874e-17
15928.5 1.099047442424466e-17
15939.0 1.0981309319106641e-17
15949.5 1.0970873641659756e-17
15960.0 1.0959047629304187e-17
15970.5 1.0945718051945582e-17
15981.0 1.0930779300745923e-17
15991.5 1.0914136654376268e-17
16002.0 1.0895710634020387e-17
16012.5 1.0875433519371838e-17
16023.0 1.0853250981760352e-17
16033.5 1.0829125785904887e-17
16044.0 1.0803036047912215e-17
16054.5 1.0774976977278338e-17
16065.0 1.074495902601197e-17
16075.5 1.0713007888634522e-17
16086.0 1.0679165155430655e-17
16096.5 1.064348580832119e-17
16107.0 1.0606038111988018e-17
16117.5 1.056690230737301e-17
16128.0 1.0526167236550206e-17
16138.5 1.0483931758101992e-17
16149.0 1.0440301154241106e-17
16159.5 1.0395386042059739e-17
16170.0 1.0349300849278248e-17
16180.5 1.0302161636743356e-17
16191.0 1.0254085989553062e-17
16201.5 1.020519007742917e-17
16212.0 1.0155588545842231e-17
16222.5 1.0105392774010067e-17
16233.0 1.0054709895021955e-17
16243.5 1.0003642142588096e-17
16254.0 9.952285653413608e-18
16264.5 9.900730140573262e-18
16275.0 9.849057804760557e-18
16285.5 9.797343007662466e-18
16296.0 9.745652054209245e-18
16306.5 9.69404210382353e-18
16317.0 9.642561714795789e-18
16327.5 9.591250082158685e-18
16338.0 9.540137255437262e-18
16348.5 9.489244138648945e-18
16359.0 9.438582708053707e-18
16369.5 9.388156556529547e-18
16380.0 9.337961437947924e-18
16390.5 9.287986029299404e-18
16401.0 9.238213019444557e-18
16411.5 9.188620306739973e-18
16422.0 9.139182305539316e-18
16432.5 9.089871797069909e-18
16443.0 9.040661127058708e-18
16453.5 8.991524600984295e-18
16464.0 8.942439790577982e-18
16474.5 8.893389602450523e-18
16485.0 8.84436412896866e-18
16495.5 8.795361954756214e-18
16506.0 8.746391898695537e-18
16516.5 8.69747432042859e-18
16527.0 8.648641882482599e-18
16537.5 8.59994020352058e-18
16548.0 8.551428729342075e-18
16558.5 8.503179970757509e-18
16569.0 8.455279721338388e-18
16579.5 8.40782651304182e-18
16590.0 8.360930309709448e-18
16600.5 8.314711309441445e-18
16611.0 8.26929863809542e-18
16621.5 8.224828607284972e-18
16632.0 8.18144286350315e-18
16642.5 8.139286210620626e-18
16653.0 8.09850486788426e-18
16663.5 8.059244183540179e-18
16674.0 8.02164689283234e-18
16684.5 7.985850613875426e-18
16695.0 7.951986432278686e-18
16705.5 7.920177376894646e-18
16716.0 7.890536133442218e-18
16726.5 7.863164282381055e-18
16737.0 7.838150992410477e-18
16747.5 7.815572258343804e-18
16758.0 7.79549003010767e-18
16768.5 7.777951994991816e-18
16779.0 7.762991359898918e-18
16789.5 7.750627069094763e-18
16800.0 7.740864348583702e-18
16810.5 7.733695250484117e-18
16821.0 7.72909941515404e-18
16831.5 7.7270459220677e-18
16842.0 7.727493616440799e-18
16852.5 7.73039383110778e-18
16863.0 7.735691148647462e-18
16873.5 7.743325796635026e-18
16884.0 7.753234845268031e-18
16894.5 7.765354602618398e-18
16905.0 7.779622247758774e-18
16915.5 7.795977028388524e-18
16926.0 7.814362329460472e-18
16936.5 7.834725999806151e-18
16947.0 7.85702209413728e-18
16957.5 7.881210655295549e-18
16968.0 7.907258367503197e-18
16978.5 7.935137903112454e-18
16989.0 7.964827595980257e-18
16999.5 7.996310134967187e-18
17010.0 8.029571366311437e-18
17020.5 8.064598007251951e-18
17031.0 8.101376230652197e-18
17041.5 8.139888943122933e-18
17052.0 8.180113498645283e-18
17062.5 8.222018976693483e-18
17073.0 8.265564113608143e-18
17083.5 8.310694798469163e-18
17094.0 8.357341786718844e-18
17104.5 8.405418958160409e-18
17115.0 8.454821574956576e-18
17125.5 8.505425410628816e-18
17136.0 8.557085987931724e-18
17146.5 8.609638687728104e-18
17157.0 8.662899184489354e-18
17167.5 8.716664208421066e-18
17178.0 8.770713614089774e-18
17188.5 8.824812122424404e-18
17199.0 8.878712151468625e-18
17209.5 8.932156647133213e-18
17220.0 8.984882893824228e-18
17230.5 9.03662545407046e-18
17241.0 9.087120741277234e-18
17251.5 9.13611072147952e-18
17262.0 9.183347268345523e-18
17272.5 9.22859564717963e-18
17283.0 9.271638761050912e-18
17293.5 9.312280525920959e-18
17304.0 9.35034957239695e-18
17314.5 9.385701205483306e-18
17325.0 9.418220888584566e-18
17335.5 9.447825441131417e-18
17346.0 9.474464236206665e-18
17356.5 9.498120398171242e-18
17367.0 9.518810476038949e-18
17377.5 9.53658422572624e-18
17388.0 9.55152286805081e-18
17398.5 9.563737564480295e-18
17409.0 9.573367457380659e-18
17419.5 9.580576512638544e-18
17430.0 9.585550144533472e-18
17440.5 9.588491949485112e-18
17451.0 9.589619786550028e-18
17461.5 9.589161857918401e-18
17472.0 9.587352353910396e-18
17482.5 9.584428077848361e-18
17493.0 9.58062452655356e-18
17503.5 9.576171317592342e-18
17514.0 9.57129033839963e-18
17524.5 9.566191609025447e-18
17535.0 9.561071104633122e-18
17545.5 9.556109013497812e-18
17556.0 9.551467232879441e-18
17566.5 9.547289042397423e-18
17577.0 9.543697579779366e-18
17587.5 9.540795840861117e-18
17598.0 9.538666570711624e-18
17608.5 9.537372916883519e-18
17619.0 9.536958320538002e-18
17629.5 9.537448149571215e-18
17640.0 9.538850242989693e-18
17650.5 9.541156108536356e-18
17661.0 9.544342446941788e-18
17671.5 9.548371914049867e-18
17682.0 9.553194753944126e-18
17692.5 9.558749887698664e-18
17703.0 9.564966437629413e-18
17713.5 9.571764162794506e-18
17724.0 9.579055527620984e-18
17734.5 9.58674646403046e-18
17745.0 9.594737024689637e-18
17755.5 9.602923560512135e-18
17766.0 9.611198938408672e-18
17776.5 9.61945428328851e-18
17787.0 9.62758028456056e-18
17797.5 9.635468284884266e-18
17808.0 9.643011804420884e-18
17818.5 9.65010817395986e-18
17829.0 9.656659841419891e-18
17839.5 9.662576440475666e-18
17850.0 9.667775334933321e-18
17860.5 9.672184449482792e-18
17871.0 9.675742705198172e-18
17881.5 9.678401979289358e-18
17892.0 9.68012786722768e-18
17902.5 9.680901098122074e-18
17913.0 9.68071818796964e-18
17923.5 9.679591548530722e-18
17934.0 9.677550249454546e-18
17944.5 9.67463947390376e-18
17955.0 9.670920191929183e-18
17965.5 9.666468180593966e-18
17976.0 9.661373044097779e-18
17986.5 9.655736580650463e-18
17997.0 9.64967104047056e-18
18007.5 9.643296839408427e-18
18018.0 9.636740599194586e-18
18028.5 9.630132425562464e-18
18039.0 9.623603186371125e-18
18049.5 9.617282116353272e-18
18060.0 9.611293877487791e-18
18070.5 9.605756381497949e-18
18081.0 9.600777632473757e-18
18091.5 9.596453875995425e-18
18102.0 9.592867530506635e-18
18112.5 9.590085445313099e-18
18123.0 9.588157158581103e-18
18133.5 9.587114135211871e-18
18144.0 9.586969549091377e-18
18154.5 9.587717303214537e-18
18165.0 9.589333009561034e-18
18175.5 9.591774315720571e-18
18186.0 9.594982211393968e-18
18196.5 9.598882661519528e-18
18207.0 9.603388348274474e-18
18217.5 9.608400739701707e-18
18228.0 9.613812811587021e-18
18238.5 9.619511660461328e-18
18249.0 9.625380789977544e-18
18259.5 9.631303268288222e-18
18270.0 9.637164341047723e-18
18280.5 9.642853173413684e-18
18291.0 9.648266334049906e-18
18301.5 9.653308557251994e-18
18312.0 9.657895138199363e-18
18322.5 9.66195269508085e-18
18333.0 9.665420257845649e-18
18343.5 9.668249703703651e-18
18354.0 9.670405430500193e-18
18364.5 9.671864247840943e-18
18375.0 9.67261417946592e-18
18385.5 9.672654245499309e-18
18396.0 9.671992067197464e-18
18406.5 9.670643431448535e-18
18417.0 9.668629677770316e-18
18427.5 9.665977153934755e-18
18438.0 9.6627147118409e-18
18448.5 9.658872836514154e-18
18459.0 9.65448223073011e-18
18469.5 9.649572181888173e-18
18480.0 9.644170126511206e-18
18490.5 9.638301214745172e-18
18501.0 9.631987112733122e-18
18511.5 9.62524654699067e-18
18522.0 9.61809476003051e-18
18532.5 9.610544272488084e-18
18543.0 9.60260466537137e-18
18553.5 9.594283886561999e-18
18564.0 9.585588033065045e-18
18574.5 9.576522766385229e-18
18585.0 9.567093203651816e-18
18595.5 9.55730511524462e-18
18606.0 9.547165578044529e-18
18616.5 9.536683084308625e-18
18627.0 9.52586841267089e-18
18637.5 9.514734410392034e-18
18648.0 9.503296755485117e-18
18658.5 9.491573738965389e-18
18669.0 9.479586373725352e-18
18679.5 9.467357959034435e-18
18690.0 9.454914516039314e-18
18700.5 9.442283916763221e-18
18711.0 9.429495775230834e-18
18721.5 9.416581011967927e-18
18732.0 9.403571091875718e-18
18742.5 9.390498350856151e-18
18753.0 9.377394362685547e-18
18763.5 9.364290483390032e-18
18774.0 9.351216980244832e-18
18784.5 9.33820248739881e-18
18795.0 9.325273788124288e-18
18805.5 9.312455488191767e-18
18816.0 9.299769253744312e-18
18826.5 9.287234573423155e-18
18837.0 9.27486734299155e-18
18847.5 9.262680736335472e-18
18858.0 9.250684443337998e-18
18868.5 9.238885105379661e-18
18879.0 9.227285988713189e-18
18889.5 9.215887528838936e-18
18900.0 9.204687112754729e-18
18910.5 9.193679296706034e-18
18921.0 9.182856023936133e-18
18931.5 9.172207060186495e-18
18942.0 9.161720211446962e-18
18952.5 9.151381323955734e-18
18963.0 9.141174828574845e-18
18973.5 9.131084067415402e-18
18984.0 9.121091293837623e-18
18994.5 9.111178216826259e-18
19005.0 9.101326000990617e-18
19015.5 9.09151591981509e-18
19026.0 9.081728811283705e-18
19036.5 9.07194594888086e-18
19047.0 9.062148932716223e-18
19057.5 9.052319689524723e-18
19068.0 9.04244058154167e-18
19078.5 9.032494624252906e-18
19089.0 9.022465159769547e-18
19099.5 9.012336183453258e-18
19110.0 9.002092452791336e-18
19120.5 8.991719051896345e-18
19131.0 8.981201391506135e-18
19141.5 8.97052575335927e-18
19152.0 8.959678528069407e-18
19162.5 8.948646650625656e-18
19173.0 8.937417709267679e-18
19183.5 8.925979509985309e-18
19194.0 8.914320403143839e-18
19204.5 8.902429827859467e-18
19215.0 8.890297223248394e-18
19225.5 8.877913552678088e-18
19236.0 8.86527043276656e-18
19246.5 8.852360568882736e-18
19257.0 8.83917808177171e-18
19267.5 8.825718616429856e-18
19278.0 8.811979342104819e-18
19288.5 8.797959387795865e-18
19299.0 8.783659406753542e-18
19309.5 8.769082120855121e-18
19320.0 8.75423264722986e-18
19330.5 8.739117518383209e-18
19341.0 8.723745553197517e-18
19351.5 8.708127312556584e-18
19362.0 8.692275208220754e-18
19372.5 8.676202958451457e-18
19383.0 8.659925479136127e-18
19393.5 8.643458992663281e-18
19404.0 8.626819830296531e-18
19414.5 8.610025194300212e-18
19425.0 8.59309152481303e-18
19435.5 8.576035370848765e-18
19446.0 8.5588723015454e-18
19456.5 8.541616470664731e-18
19467.0 8.524280616592373e-18
19477.5 8.506876171212853e-18
19488.0 8.489411626783243e-18
19498.5 8.47189406018445e-18
19509.0 8.454327608669916e-18
19519.5 8.436714231991273e-18
19530.0 8.419053276897982e-18
19540.5 8.40134158601241e-18
19551.0 8.383573497829835e-18
19561.5 8.365740955593545e-18
19572.0 8.347833833920103e-18
19582.5 8.329839829924255e-18
19593.0 8.311744789844205e-18
19603.5 8.293532817916707e-18
19614.0 8.275186820752516e-18
19624.5 8.256688180711114e-18
19635.0 8.23801730027617e-18
19645.5 8.2191540375559e-18
19656.0 8.200077379657788e-18
19666.5 8.180766095939146e-18
19677.0 8.161198629132003e-18
19687.5 8.141353530843492e-18
19698.0 8.121209679306003e-18
19708.5 8.10074617050212e-18
19719.0 8.079943189165323e-18
19729.5 8.058781464404557e-18
19740.0 8.037243031829855e-18
19750.5 8.01531188680287e-18
19761.0 7.992973222311267e-18
19771.5 7.970214735469795e-18
19782.0 7.947026627520282e-18
19792.5 7.923401821581834e-18
19803.0 7.899336724776457e-18
19813.5 7.874830901603787e-18
19824.0 7.84988827156709e-18
19834.5 7.824516564797812e-18
19845.0 7.798728193056293e-18
19855.5 7.772540140856684e-18
19866.0 7.745974183217138e-18
19876.5 7.719056885659794e-18
19887.0 7.691819495335692e-18
19897.5 7.664298158774952e-18
19908.0 7.63653337751133e-18
19918.5 7.608569572581845e-18
19929.0 7.580455302276968e-18
19939.5 7.552241955639521e-18
19950.0 7.523983861339783e-18
19960.5 7.495737416674754e-18
19971.0 7.467560216567428e-18
19981.5 7.439510400316265e-18
19992.0 7.411646433844985e-18
20002.5 7.384025476576225e-18
20013.0 7.356703272556438e-18
20023.5 7.329733388330268e-18
20034.0 7.303166015314546e-18
20044.5 7.277048187548463e-18
20055.0 7.251422475192496e-18
20065.5 7.226326984528409e-18
20076.0 7.20179426920833e-18
20086.5 7.177852092380391e-18
20097.0 7.154522229062744e-18
20107.5 7.13182046614354e-18
20118.0 7.109757255631498e-18
20128.5 7.088336517029878e-18
20139.0 7.067556943837589e-18
20149.5 7.047411241423559e-18
20160.0 7.027886671402168e-18
20170.5 7.008965813758898e-18
20181.0 6.990625913599786e-18
20191.5 6.972840296527603e-18
20202.0 6.955578042016581e-18
20212.5 6.938804854413138e-18
20223.0 6.9224836073113315e-18
20233.5 6.906574343552864e-18
20244.0 6.891035581728167e-18
20254.5 6.8758240984262174e-18
20265.0 6.86089623473563e-18
20275.5 6.846207787369567e-18
20286.0 6.831715097416646e-18
20296.5 6.8173752680911126e-18
20307.0 6.803146600233224e-18
20317.5 6.788989789935218e-18
20328.0 6.774867384165882e-18
20338.5 6.76074541389691e-18
20349.0 6.74659252310217e-18
20359.5 6.7323817107591594e-18
20370.0 6.718089350973188e-18
20380.5 6.7036967172286515e-18
20391.0 6.6891888936381166e-18
20401.5 6.674556408068692e-18
20412.0 6.65979370789075e-18
20422.5 6.644900575354106e-18
20433.0 6.629881147712213e-18
20443.5 6.614744352722507e-18
20454.0 6.599503364270966e-18
20464.5 6.58417538462193e-18
20475.0 6.56878142666791e-18
20485.5 6.553345660679046e-18
20496.0 6.537895414303115e-18
20506.5 6.522460192689706e-18
20517.0 6.5070714607400405e-18
20527.5 6.491761772106246e-18
20538.0 6.476564333691003e-18
20548.5 6.461512570147158e-18
20559.0 6.446639035126848e-18
20569.5 6.4319751935312906e-18
20580.0 6.417550768260261e-18
20590.5 6.40339330471171e-18
20601.0 6.389526864280692e-18
20611.5 6.37597278648499e-18
20622.0 6.362748382464033e-18
20632.5 6.349866717228706e-18
20643.0 6.337336500786271e-18
20653.5 6.325161870390176e-18
20664.0 6.313341955039691e-18
20674.5 6.301870766604828e-18
20685.0 6.290737961951968e-18
20695.5 6.279927863068044e-18
20706.0 6.269420110311091e-18
20716.5 6.2591897712853275e-18
20727.0 6.249207558591349e-18
20737.5 6.239440374201569e-18
20748.0 6.229851309460233e-18
20758.5 6.220400189458856e-18
20769.0 6.211044226286782e-18
20779.5 6.201738127906261e-18
20790.0 6.1924350780282845e-18
20800.5 6.18308684498765e-18
20811.0 6.1736445438686226e-18
20821.5 6.164059289755462e-18
20832.0 6.154282415482606e-18
20842.5 6.144266560385591e-18
20853.0 6.133965670301031e-18
20863.5 6.1233359774424575e-18
20874.0 6.112336000400291e-18
20884.5 6.100927632892785e-18
20895.0 6.0890761437659845e-18
20905.5 6.076750830244313e-18
20916.0 6.063924800180352e-18
20926.5 6.050576060805776e-18
20937.0 6.036687192106067e-18
20947.5 6.02224567344579e-18
20958.0 6.007243883568593e-18
20968.5 5.991679209472302e-18
20979.0 5.975554155284e-18
20989.5 5.9588755801344016e-18
21000.0 5.9416555691585865e-18
21010.5 5.923910018119793e-18
21021.0 5.905659286659993e-18
21031.5 5.88692754504933e-18
21042.0 5.867742120935575e-18
21052.5 5.8481333904690456e-18
21063.0 5.828134451677325e-18
21073.5 5.807780253464538e-18
21084.0 5.787107595611353e-18
21094.5 5.766154475524435e-18
21105.0 5.7449596527360865e-18
21115.5 5.723562322278976e-18
21126.0 5.702001570310669e-18
21136.5 5.680316265238564e-18
21147.0 5.658544513344415e-18
21157.5 5.6367236587843446e-18
21168.0 5.614889739213387e-18
21178.5 5.5930775946605755e-18
21189.0 5.571320323153495e-18
21199.5 5.549649498468457e-18
21210.0 5.528095170130503e-18
21220.5 5.506685427913047e-18
21231.0 5.485446728463133e-18
21241.5 5.46440356867618e-18
21252.0 5.443578921196329e-18
21262.5 5.422994016666276e-18
21273.0 5.402668561477443e-18
21283.5 5.382620520019799e-18
21294.0 5.362866659057321e-18
21304.5 5.343422329977801e-18
21315.0 5.324301577667943e-18
21325.5 5.305517576013727e-18
21336.0 5.287082301275132e-18
21346.5 5.269007185336687e-18
21357.0 5.25130246245692e-18
21367.5 5.2339784757694514e-18
21378.0 5.2170444796569935e-18
21388.5 5.200509837377349e-18
21399.0 5.1843832589377756e-18
21409.5 5.168673998720988e-18
21420.0 5.153390875609335e-18
21430.5 5.138542817360255e-18
21441.0 5.1241389694813726e-18
21451.5 5.1101889129806695e-18
21462.0 5.096702228866135e-18
21472.5 5.083688607020839e-18
21483.0 5.071158499453494e-18
21493.5 5.0591220315475394e-18
21504.0 5.047589655311683e-18
21514.5 5.036571605004458e-18
21525.0 5.026078441509663e-18
21535.5 5.016119854710372e-18
21546.0 5.006705425614573e-18
21556.5 4.997844081979703e-18
21567.0 4.989543553937207e-18
21577.5 4.981810591742709e-18
21588.0 4.9746506391507455e-18
21598.5 4.968067724539676e-18
21609.0 4.962063589910947e-18
21619.5 4.956638235264564e-18
21630.0 4.95178948309871e-18
21640.5 4.947512434034301e-18
21651.0 4.94379979344026e-18
21661.5 4.9406415448082365e-18
21672.0 4.938024514252255e-18
21682.5 4.9359326971339755e-18
21693.0 4.934347475812884e-18
21703.5 4.933246530895379e-18
21714.0 4.932605038860771e-18
21724.5 4.932395018810745e-18
21735.0 4.9325854413444396e-18
21745.5 4.933142664058817e-18
21756.0 4.9340302137984855e-18
21766.5 4.935209113280956e-18
21777.0 4.936637772221572e-18
21787.5 4.938272640584039e-18
21798.0 4.9400677730800675e-18
21808.5 4.941975700170096e-18
21819.0 4.9439469925629334e-18
21829.5 4.945931241091567e-18
21840.0 4.947876403462626e-18
21850.5 4.949730001882378e-18
21861.0 4.951438796431453e-18
21871.5 4.9529493294403026e-18
21882.0 4.954208469864646e-18
21892.5 4.955163413285476e-18
21903.0 4.955762226284516e-18
21913.5 4.955954499694751e-18
21924.0 4.9556914574755385e-18
21934.5 4.954926501088038e-18
21945.0 4.953615753870687e-18
21955.5 4.951718496539551e-18
21966.0 4.949197276063415e-18
21976.5 4.946018885539607e-18
21987.0 4.94215414644381e-18
21997.5 4.937578453005517e-18
22008.0 4.932272098833307e-18
22018.5 4.926220385789927e-18
22029.0 4.919413841742488e-18
22039.5 4.911848002812268e-18
22050.0 4.9035236311249005e-18
22060.5 4.894446605935286e-18
22071.0 4.884627705877408e-18
22081.5 4.874082826714515e-18
22092.0 4.862831783713118e-18
22102.5 4.850899182643724e-18
22113.0 4.83831311327974e-18
22123.5 4.8251055848978464e-18
22134.0 4.811311655277259e-18
22144.5 4.7969695395748215e-18
22155.0 4.782119412699019e-18
22165.5 4.766804280310689e-18
22176.0 4.7510682368215815e-18
22186.5 4.7349570097698004e-18
22197.0 4.7185171976941875e-18
22207.5 4.7017960523841146e-18
22218.0 4.684840607878781e-18
22228.5 4.667698007092475e-18
22239.0 4.650414413063668e-18
22249.5 4.6330349000799255e-18
22260.0 4.61560323592772e-18
22270.5 4.5981610108917144e-18
22281.0 4.580747637754751e-18
22291.5 4.5633999162975045e-18
22302.0 4.546151706673184e-18
22312.5 4.529033602782295e-18
22323.0 4.512072823397517e-18
22333.5 4.4952928855384465e-18
22344.0 4.478713495596509e-18
22354.5 4.4623504404598624e-18
22365.0 4.446215587513394e-18
22375.5 4.430317102388911e-18
22386.0 4.414659122339859e-18
22396.5 4.399242191741692e-18
22407.0 4.3840631532167805e-18
22417.5 4.369116127510226e-18
22428.0 4.354391424738949e-18
22438.5 4.339877068642968e-18
22449.0 4.325558905460495e-18
22459.5 4.31142016842755e-18
22470.0 4.297442784279074e-18
22480.5 4.283607590999097e-18
22491.0 4.269893902320379e-18
22501.5 4.256281140850772e-18
22512.0 4.242748184822674e-18
22522.5 4.2292743479688424e-18
22533.0 4.215839270647314e-18
22543.5 4.202423681967028e-18
22554.0 4.189009290912739e-18
22564.5 4.175579439595565e-18
22575.0 4.162118776627715e-18
22585.5 4.148614128123206e-18
22596.0 4.135053953322424e-18
22606.5 4.121429106717746e-18
22617.0 4.1077322936780914e-18
22627.5 4.093958397074199e-18
22638.0 4.080104477278615e-18
22648.5 4.0661695544155246e-18
22659.0 4.052154499485653e-18
22669.5 4.0380620343662725e-18
22680.0 4.023896731811188e-18
22690.5 4.009664362200212e-18
22701.0 3.995372111289332e-18
22711.5 3.981028362460534e-18
22722.0 3.9666424789716224e-18
22732.5 3.952224368455854e-18
22743.0 3.937784700672119e-18
22753.5 3.9233344720045836e-18
22764.0 3.908884896587593e-18
22774.5 3.894447188555492e-18
22785.0 3.880032670917716e-18
22795.5 3.865652557808613e-18
22806.0 3.8513176278621666e-18
22816.5 3.837038333087083e-18
22827.0 3.822824798866805e-18
22837.5 3.808686715084405e-18
22848.0 3.794633009497323e-18
22858.5 3.780672174362638e-18
22869.0 3.766812157561974e-18
22879.5 3.753060035976226e-18
22890.0 3.739422124360658e-18
22900.5 3.725904084219991e-18
22911.0 3.712510706058215e-18
22921.5 3.699245473878231e-18
22932.0 3.686111436182583e-18
22942.5 3.67311022609763e-18
22953.0 3.660242387998828e-18
22963.5 3.6475073775107225e-18
22974.0 3.634903126006587e-18
22984.5 3.6224266938589754e-18
22995.0 3.6100735083140735e-18
23005.5 3.597837907867165e-18
23016.0 3.585712597887172e-18
23026.5 3.573689521617377e-18
23037.0 3.561758989174706e-18
23047.5 3.54991065742554e-18
23058.0 3.538133094485352e-18
23068.5 3.5264141063439775e-18
23079.0 3.514741063490894e-18
23089.5 3.503100683165031e-18
23100.0 3.491480118105681e-18
23110.5 3.479866194426866e-18
23121.0 3.4682462826180606e-18
23131.5 3.4566085152943735e-18
23142.0 3.444941896071645e-18
23152.5 3.4332364084415218e-18
23163.0 3.4214835601469307e-18
23173.5 3.40967616543188e-18
23184.0 3.3978086716667455e-18
23194.5 3.3858774859735297e-18
23205.0 3.3738805397255107e-18
23215.5 3.3618178329226897e-18
23226.0 3.3496907809412435e-18
23236.5 3.3375028677840764e-18
23247.0 3.3252587750800907e-18
23257.5 3.3129648175845494e-18
23268.0 3.3006281810534402e-18
23278.5 3.28825746661893e-18
23289.0 3.2758613842882804e-18
23299.5 3.2634496239445636e-18
23310.0 3.2510317665957662e-18
23320.5 3.238617175499691e-18
23331.0 3.2262151050390488e-18
23341.5 3.213834156346011e-18
23352.0 3.2014821684271082e-18
23362.5 3.189165891537966e-18
23373.0 3.176891313808574e-18
23383.5 3.1646630079927454e-18
23394.0 3.152484566968473e-18
23404.5 3.1403582771126627e-18
23415.0 3.1282853360513115e-18
23425.5 3.1162659615346016e-18
23436.0 3.10429960918708e-18
23446.5 3.092384972507657e-18
23457.0 3.08052020061979e-18
23467.5 3.068703224896755e-18
23478.0 3.0569320855869193e-18
23488.5 3.0452049318137407e-18
23499.0 3.033520348201039e-18
23509.5 3.0218775726231792e-18
23520.0 3.010276931705434e-18
23530.5 2.9987195141987103e-18
23541.0 2.987207933105186e-18
23551.5 2.9757459990530354e-18
23562.0 2.9643388291715257e-18
23572.5 2.95299317371628e-18
23583.0 2.941716980568923e-18
23593.5 2.9305196129872567e-18
23604.0 2.919411522979995e-18
23614.5 2.9084042513067513e-18
23625.0 2.897510536353144e-18
23635.5 2.8867433342549695e-18
23646.0 2.876116254398571e-18
23656.5 2.8656430150453803e-18
23667.0 2.8553372255817386e-18
23677.5 2.8452122776438064e-18
23688.0 2.8352806918670187e-18
23698.5 2.8255543356362656e-18
23709.0 2.8160439875855284e-18
23719.5 2.8067590109726126e-18
23730.0 2.7977074625542307e-18
23740.5 2.7888958748358273e-18
23751.0 2.780329038321394e-18
23761.5 2.772010110388564e-18
23772.0 2.7639408330387873e-18
23782.5 2.7561210973969737e-18
23793.0 2.7485491614616716e-18
23803.5 2.741222412230703e-18
23814.0 2.7341363858253484e-18
23824.5 2.727286073991434e-18
23835.0 2.7206653797238777e-18
23845.5 2.714267988267418e-18
23856.0 2.7080868227411566e-18
23866.5 2.702115132889468e-18
23877.0 2.696345950706545e-18
23887.5 2.6907729614371256e-18
23898.0 2.6853903947014008e-18
23908.5 2.680193351120287e-18
23919.0 2.6751778023154286e-18
23929.5 2.670340808659373e-18
23940.0 2.6656806281506696e-18
23950.5 2.6611970430391386e-18
23961.0 2.656890815450413e-18
23971.5 2.6527642317613995e-18
23982.0 2.6488207759750017e-18
23992.5 2.645065020845029e-18
24003.0 2.641502845626383e-18
24013.5 2.638140891699597e-18
24024.0 2.634986889196114e-18
24034.5 2.6320488948726467e-18
24045.0 2.6293359453617285e-18
24055.5 2.626856859545707e-18
24066.0 2.6246210006823867e-18
24076.5 2.6226377320295697e-18
24087.0 2.6209159813446968e-18
24097.5 2.6194646763852075e-18
24108.0 2.618292091657998e-18
24118.5 2.6174062839197837e-18
24129.0 2.6168144389265513e-18
24139.5 2.6165229803086554e-18
24150.0 2.616538113946268e-18
24160.5 2.6168650658437427e-18
24171.0 2.6175082998798013e-18
24181.5 2.618472062182982e-18
24192.0 2.619759510130916e-18
24202.5 2.6213739099763245e-18
24213.0 2.623317765846296e-18
24223.5 2.6255933641177344e-18
24234.0 2.6282028822924555e-18
24244.5 2.6311484978722742e-18
24255.0 2.6344320617337305e-18
24265.5 2.638055751378643e-18
24276.0 2.6420214176835503e-18
24286.5 2.6463311292751796e-18
24297.0 2.6509870636553437e-18
24307.5 2.655990853950404e-18
24318.0 2.661343915536539e-18
24328.5 2.667047337164659e-18
24339.0 2.6731012277098513e-18
24349.5 2.679504607296302e-18
24360.0 2.686255298422194e-18
24370.5 2.6933491638340826e-18
24381.0 2.7007803242770643e-18
24391.5 2.7085400697438836e-18
24402.0 2.7166172949752836e-18
24412.5 2.724997737334379e-18
24423.0 2.7336637590564706e-18
24433.5 2.742594456124138e-18
24444.0 2.7517653316419637e-18
24454.5 2.7611480780863604e-18
24465.0 2.7707111216810114e-18
24475.5 2.7804194046467042e-18
24486.0 2.7902349295767694e-18
24496.5 2.8001166505620003e-18
24507.0 2.810021344191376e-18
24517.5 2.8199040450524247e-18
24528.0 2.8297183723564914e-18
24538.5 2.8394174009394705e-18
24549.0 2.848954532262528e-18
24559.5 2.858283712162282e-18
24570.0 2.8673608462269867e-18
24580.5 2.8761442352968904e-18
24591.0 2.8845953375898722e-18
24601.5 2.8926801840776236e-18
24612.0 2.9003695962358284e-18
24622.5 2.9076400570448863e-18
24633.0 2.914475017491008e-18
24643.5 2.920864896566208e-18
24654.0 2.9268080611441235e-18
24664.5 2.9323111526052914e-18
24675.0 2.937389413462414e-18
24685.5 2.9420670139856343e-18
24696.0 2.94637639895199e-18
24706.5 2.9503586142706906e-18
24717.0 2.954062435982382e-18
24727.5 2.95754339038334e-18
24738.0 2.9608629918998308e-18
24748.5 2.9640872188368388e-18
24759.0 2.967285098001888e-18
24769.5 2.9705266360783215e-18
24780.0 2.9738815131242105e-18
24790.5 2.9774166873203545e-18
24801.0 2.981194435218655e-18
24811.5 2.9852708274908404e-18
24822.0 2.9896936603017414e-18
24832.5 2.9945009310580266e-18
24843.0 2.999719640782196e-18
24853.5 3.005364814236773e-18
24864.0 3.011438846673751e-18
24874.5 3.0179312860844223e-18
24885.0 3.0248197042000935e-18
24895.5 3.032069478741913e-18
24906.0 3.0396359709226785e-18
24916.5 3.0474651786973855e-18
24927.0 3.0554964586404963e-18
24937.5 3.063663723571934e-18
24948.0 3.071898817684899e-18
24958.5 3.080133040797138e-18
24969.0 3.0882998702282126e-18
24979.5 3.0963373560514955e-18
24990.0 3.1041901897208916e-18
25000.5 3.1118110105719336e-18
25011.0 3.119162474448499e-18
25021.5 3.126296188143595e-18
25032.0 3.1331554277349494e-18
25042.5 3.1397018691906245e-18
25053.0 3.145941827265883e-18
25063.5 3.151891742099425e-18
25074.0 3.1575764372119378e-18
25084.5 3.1630280307551875e-18
25095.0 3.1682838668852982e-18
25105.5 3.173384773761293e-18
25116.0 3.1783731037934696e-18
25126.5 3.183290229516305e-18
25137.0 3.1881753459624638e-18
25147.5 3.1930638375364368e-18
25158.0 3.1979855360130834e-18
25168.5 3.202963740661821e-18
25179.0 3.2080152182466226e-18
25189.5 3.2131493320252925e-18
25200.0 3.218368259499643e-18
25210.5 3.2236676456660474e-18
25221.0 3.229037038515794e-18
25231.5 3.234461522161451e-18
25242.0 3.2399218257119605e-18
25252.5 3.2453967185246287e-18
25263.0 3.2508634457054906e-18
25273.5 3.2562994701107667e-18
25284.0 3.2616833433475794e-18
25294.5 3.2669956856497816e-18
25305.0 3.2722204923790326e-18
25315.5 3.2773448073995355e-18
25326.0 3.282359811828941e-18
25336.5 3.2872604974130765e-18
25347.0 3.2920455576508505e-18
25357.5 3.296717278919171e-18
25368.0 3.301280887222393e-18
25378.5 3.305744221567047e-18
25389.0 3.3101166452109384e-18
25399.5 3.314408610162778e-18
25410.0 3.3186313305569102e-18
25420.5 3.3227954761522268e-18
25431.0 3.3269112812072568e-18
25441.5 3.3309878912296242e-18
25452.0 3.3350331452258588e-18
25462.5 3.339053357951224e-18
25473.0 3.3430536465349864e-18
25483.5 3.347037821605319e-18
25494.0 3.3510084961644006e-18
25504.5 3.3549680654642286e-18
25515.0 3.358918380381342e-18
25525.5 3.3628614006673786e-18
25536.0 3.3668002836999656e-18
25546.5 3.3707388401072807e-18
25557.0 3.3746822958936788e-18
25567.5 3.3786381634404203e-18
25578.0 3.3826154793800374e-18
25588.5 3.3866252400966923e-18
25599.0 3.3906806194763663e-18
25609.5 3.3947965334064875e-18
25620.0 3.3989890954004866e-18
25630.5 3.403275616597788e-18
25641.0 3.4076736258880027e-18
25651.5 3.4122008699109192e-18
25662.0 3.4168737888052374e-18
25672.5 3.421707298458388e-18
25683.0 3.426714572756353e-18
25693.5 3.4319051927071124e-18
25704.0 3.4372857996912045e-18
25714.5 3.4428590067108054e-18
25725.0 3.448623398389737e-18
25735.5 3.454573204348186e-18
25746.0 3.460698190327629e-18
25756.5 3.466984420316449e-18
25767.0 3.4734140387997666e-18
25777.5 3.479966250635252e-18
25788.0 3.4866179743036665e-18
25798.5 3.4933448217846875e-18
25809.0 3.500121751807448e-18
25819.5 3.5069247029768936e-18
25830.0 3.5137312470243325e-18
25840.5 3.520521786433435e-18
25851.0 3.5272812964416775e-18
25861.5 3.533999107290167e-18
25872.0 3.540671190600551e-18
25882.5 3.5472996149995494e-18
25893.0 3.5538940703702375e-18
25903.5 3.560471541226773e-18
25914.0 3.567056306714386e-18
25924.5 3.5736803761097546e-18
25935.0 3.5803817468195446e-18
25945.5 3.5872040777551406e-18
25956.0 3.5941957094568295e-18
25966.5 3.60140705109162e-18
25977.0 3.608889709452519e-18
25987.5 3.6166932227058125e-18
25998.0 3.624863209514519e-18
26008.5 3.633438320535847e-18
26019.0 3.642448060919387e-18
26029.5 3.651909197429112e-18
26040.0 3.661824778567562e-18
26050.5 3.6721813038234864e-18
26061.0 3.682948179296387e-18
26071.5 3.694077608821435e-18
26082.0 3.705505247220003e-18
26092.5 3.717152486676582e-18
26103.0 3.728929940741681e-18
26113.5 3.740740275084181e-18
26124.0 3.752483868996059e-18
26134.5 3.764062190520205e-18
26145.0 3.775383022454763e-18
26155.5 3.786363293105503e-18
26166.0 3.79693212478836e-18
26176.5 3.807032575830876e-18
26187.0 3.8166221849476675e-18
26197.5 3.825672644615141e-18
26208.0 3.83416914782096e-18
26218.5 3.842108537187491e-18
26229.0 3.84949767184545e-18
26239.5 3.856351467682269e-18
26250.0 3.862690828715366e-18
